0  #  13  0.000292  0  0.000066  0  0.000062  
1  $  81  0.001764  0  0.000066  0  0.000062  
2  %  13  0.000292  0  0.000066  1  0.000186  
3  &  13  0.000292  0  0.000066  0  0.000062  
4  '  101  0.002197  1  0.000199  2  0.000310  
5  's  237  0.005140  5  0.000731  11  0.001425  
6  (  319  0.006915  9  0.001263  8  0.001054  
7  )  320  0.006936  9  0.001263  8  0.001054  
8  ,  635  0.013754  34  0.004588  15  0.001921  
9  -  10  0.000227  1  0.000199  1  0.000186  
10  .  83  0.001807  0  0.000066  5  0.000682  
11  1  19  0.000422  1  0.000199  2  0.000310  
12  10  22  0.000487  2  0.000332  0  0.000062  
13  2  26  0.000574  0  0.000066  0  0.000062  
14  2012  13  0.000292  0  0.000066  0  0.000062  
15  2013  16  0.000357  0  0.000066  0  0.000062  
16  2014  16  0.000357  0  0.000066  0  0.000062  
17  2015  19  0.000422  0  0.000066  0  0.000062  
18  2016  30  0.000660  0  0.000066  0  0.000062  
19  2017  40  0.000877  0  0.000066  0  0.000062  
20  2018  75  0.001634  1  0.000199  0  0.000062  
21  3  27  0.000595  1  0.000199  1  0.000186  
22  3d  11  0.000249  0  0.000066  1  0.000186  
23  4  16  0.000357  1  0.000199  0  0.000062  
24  5  15  0.000335  0  0.000066  0  0.000062  
25  6  14  0.000314  0  0.000066  0  0.000062  
26  8  13  0.000292  0  0.000066  0  0.000062  
27  :  610  0.013213  211  0.028125  222  0.027578  
28  ?  311  0.006742  1  0.000199  185  0.022992  
29  [  116  0.002521  1  0.000199  0  0.000062  
30  ]  117  0.002543  1  0.000199  0  0.000062  
31  a  742  0.016069  52  0.006981  49  0.006135  
32  about  79  0.001721  3  0.000465  8  0.001054  
33  access  14  0.000314  2  0.000332  1  0.000186  
34  after  44  0.000963  0  0.000066  0  0.000062  
35  against  23  0.000509  0  0.000066  0  0.000062  
36  ai  72  0.001569  1  0.000199  1  0.000186  
37  air  12  0.000271  0  0.000066  0  0.000062  
38  algorithms  12  0.000271  0  0.000066  0  0.000062  
39  all  44  0.000963  1  0.000199  3  0.000434  
40  amazon  62  0.001353  0  0.000066  0  0.000062  
41  america  17  0.000379  0  0.000066  0  0.000062  
42  an  148  0.003214  4  0.000598  2  0.000310  
43  analysis  17  0.000379  1  0.000199  1  0.000186  
44  analytics  16  0.000357  1  0.000199  0  0.000062  
45  and  600  0.012996  38  0.005120  15  0.001921  
46  android  31  0.000682  2  0.000332  1  0.000186  
47  announces  13  0.000292  0  0.000066  0  0.000062  
48  any  19  0.000422  3  0.000465  9  0.001177  
49  anyone  9  0.000206  0  0.000066  3  0.000434  
50  api  21  0.000465  3  0.000465  2  0.000310  
51  app  54  0.001180  3  0.000465  2  0.000310  
52  apple  53  0.001158  0  0.000066  0  0.000062  
53  application  11  0.000249  1  0.000199  1  0.000186  
54  apps  12  0.000271  3  0.000465  2  0.000310  
55  architecture  12  0.000271  1  0.000199  1  0.000186  
56  are  147  0.003192  1  0.000199  26  0.003285  
57  around  10  0.000227  1  0.000199  0  0.000062  
58  art  18  0.000400  0  0.000066  1  0.000186  
59  artificial  19  0.000422  0  0.000066  0  0.000062  
60  as  85  0.001850  2  0.000332  8  0.001054  
61  ask  8  0.000184  1  0.000199  222  0.027578  
62  at  118  0.002565  0  0.000066  2  0.000310  
63  attack  10  0.000227  0  0.000066  1  0.000186  
64  automated  11  0.000249  1  0.000199  0  0.000062  
65  available  11  0.000249  1  0.000199  2  0.000310  
66  aws  30  0.000660  1  0.000199  3  0.000434  
67  back  25  0.000552  0  0.000066  0  0.000062  
68  bad  19  0.000422  0  0.000066  1  0.000186  
69  based  10  0.000227  3  0.000465  2  0.000310  
70  be  73  0.001591  2  0.000332  6  0.000806  
71  beautiful  9  0.000206  2  0.000332  0  0.000062  
72  become  11  0.000249  0  0.000066  2  0.000310  
73  been  13  0.000292  0  0.000066  2  0.000310  
74  before  18  0.000400  0  0.000066  0  0.000062  
75  behind  14  0.000314  0  0.000066  1  0.000186  
76  being  16  0.000357  0  0.000066  2  0.000310  
77  best  30  0.000660  1  0.000199  9  0.001177  
78  beta  12  0.000271  0  0.000066  1  0.000186  
79  better  26  0.000574  3  0.000465  1  0.000186  
80  between  12  0.000271  0  0.000066  0  0.000062  
81  big  36  0.000790  0  0.000066  1  0.000186  
82  biggest  11  0.000249  0  0.000066  0  0.000062  
83  bitcoin  38  0.000833  2  0.000332  3  0.000434  
84  blockchain  36  0.000790  6  0.000864  0  0.000062  
85  board  10  0.000227  2  0.000332  0  0.000062  
86  book  12  0.000271  3  0.000465  1  0.000186  
87  books  10  0.000227  0  0.000066  2  0.000310  
88  brain  14  0.000314  2  0.000332  0  0.000062  
89  browser  26  0.000574  3  0.000465  0  0.000062  
90  bug  10  0.000227  0  0.000066  1  0.000186  
91  build  44  0.000963  2  0.000332  5  0.000682  
92  building  30  0.000660  2  0.000332  1  0.000186  
93  built  18  0.000400  2  0.000332  0  0.000062  
94  business  27  0.000595  0  0.000066  4  0.000558  
95  but  30  0.000660  0  0.000066  2  0.000310  
96  buy  12  0.000271  0  0.000066  1  0.000186  
97  by  106  0.002305  3  0.000465  2  0.000310  
98  c  15  0.000335  1  0.000199  1  0.000186  
99  c++  12  0.000271  2  0.000332  0  0.000062  
100  california  17  0.000379  0  0.000066  0  0.000062  
101  can  91  0.001980  2  0.000332  14  0.001797  
102  car  15  0.000335  1  0.000199  0  0.000062  
103  cars  17  0.000379  0  0.000066  0  0.000062  
104  case  14  0.000314  1  0.000199  0  0.000062  
105  ceo  18  0.000400  1  0.000199  0  0.000062  
106  change  24  0.000530  0  0.000066  2  0.000310  
107  chat  9  0.000206  5  0.000731  0  0.000062  
108  china  50  0.001093  0  0.000066  0  0.000062  
109  chinese  19  0.000422  0  0.000066  0  0.000062  
110  chip  12  0.000271  0  0.000066  0  0.000062  
111  chrome  25  0.000552  1  0.000199  2  0.000310  
112  city  14  0.000314  0  0.000066  0  0.000062  
113  clean  8  0.000184  2  0.000332  1  0.000186  
114  climate  15  0.000335  1  0.000199  1  0.000186  
115  cloud  34  0.000747  1  0.000199  0  0.000062  
116  code  57  0.001244  3  0.000465  5  0.000682  
117  coding  11  0.000249  1  0.000199  0  0.000062  
118  coming  16  0.000357  0  0.000066  0  0.000062  
119  community  12  0.000271  0  0.000066  0  0.000062  
120  companies  21  0.000465  0  0.000066  4  0.000558  
121  company  23  0.000509  0  0.000066  4  0.000558  
122  components  11  0.000249  1  0.000199  0  0.000062  
123  computer  19  0.000422  0  0.000066  4  0.000558  
124  computing  16  0.000357  0  0.000066  0  0.000062  
125  content  13  0.000292  0  0.000066  0  0.000062  
126  control  16  0.000357  0  0.000066  0  0.000062  
127  core  12  0.000271  0  0.000066  0  0.000062  
128  cost  14  0.000314  0  0.000066  1  0.000186  
129  could  40  0.000877  1  0.000199  0  0.000062  
130  court  14  0.000314  0  0.000066  0  0.000062  
131  create  18  0.000400  1  0.000199  0  0.000062  
132  creating  10  0.000227  1  0.000199  0  0.000062  
133  crisis  11  0.000249  0  0.000066  0  0.000062  
134  crypto  29  0.000638  6  0.000864  2  0.000310  
135  cryptocurrency  16  0.000357  1  0.000199  0  0.000062  
136  css  12  0.000271  2  0.000332  1  0.000186  
137  dark  9  0.000206  2  0.000332  0  0.000062  
138  data  105  0.002283  6  0.000864  6  0.000806  
139  database  15  0.000335  0  0.000066  2  0.000310  
140  day  23  0.000509  0  0.000066  2  0.000310  
141  dead  12  0.000271  0  0.000066  0  0.000062  
142  decentralized  7  0.000162  4  0.000598  0  0.000062  
143  deep  27  0.000595  1  0.000199  0  0.000062  
144  defense  13  0.000292  0  0.000066  0  0.000062  
145  design  27  0.000595  1  0.000199  1  0.000186  
146  desktop  13  0.000292  1  0.000199  1  0.000186  
147  developer  27  0.000595  1  0.000199  3  0.000434  
148  developers  15  0.000335  2  0.000332  1  0.000186  
149  developing  12  0.000271  0  0.000066  0  0.000062  
150  development  26  0.000574  1  0.000199  3  0.000434  
151  devices  13  0.000292  0  0.000066  0  0.000062  
152  did  12  0.000271  0  0.000066  4  0.000558  
153  digital  26  0.000574  3  0.000465  0  0.000062  
154  distributed  13  0.000292  0  0.000066  1  0.000186  
155  dna  16  0.000357  0  0.000066  0  0.000062  
156  do  67  0.001461  1  0.000199  48  0.006011  
157  docker  9  0.000206  1  0.000199  1  0.000186  
158  does  32  0.000703  0  0.000066  11  0.001425  
159  doing  9  0.000206  1  0.000199  1  0.000186  
160  don  16  0.000357  0  0.000066  0  0.000062  
161  down  32  0.000703  0  0.000066  0  0.000062  
162  drug  10  0.000227  0  0.000066  1  0.000186  
163  economy  10  0.000227  0  0.000066  1  0.000186  
164  electric  12  0.000271  0  0.000066  0  0.000062  
165  elon  13  0.000292  0  0.000066  0  0.000062  
166  email  8  0.000184  5  0.000731  4  0.000558  
167  employees  11  0.000249  0  0.000066  0  0.000062  
168  end  17  0.000379  0  0.000066  0  0.000062  
169  engine  12  0.000271  0  0.000066  0  0.000062  
170  engineer  9  0.000206  0  0.000066  3  0.000434  
171  engineering  19  0.000422  0  0.000066  2  0.000310  
172  enough  12  0.000271  1  0.000199  0  0.000062  
173  ethereum  18  0.000400  3  0.000465  0  0.000062  
174  ever  12  0.000271  0  0.000066  1  0.000186  
175  every  18  0.000400  0  0.000066  0  0.000062  
176  everything  14  0.000314  0  0.000066  1  0.000186  
177  experience  11  0.000249  0  0.000066  4  0.000558  
178  experiment  12  0.000271  0  0.000066  0  0.000062  
179  facebook  86  0.001872  0  0.000066  2  0.000310  
180  fake  16  0.000357  0  0.000066  0  0.000062  
181  fast  22  0.000487  1  0.000199  0  0.000062  
182  feedback  8  0.000184  2  0.000332  1  0.000186  
183  fight  12  0.000271  0  0.000066  0  0.000062  
184  file  14  0.000314  1  0.000199  0  0.000062  
185  find  19  0.000422  3  0.000465  7  0.000930  
186  first  57  0.001244  1  0.000199  2  0.000310  
187  for  542  0.011741  44  0.005918  36  0.004524  
188  found  13  0.000292  1  0.000199  1  0.000186  
189  framework  14  0.000314  3  0.000465  0  0.000062  
190  free  29  0.000638  3  0.000465  2  0.000310  
191  from  151  0.003279  7  0.000997  10  0.001301  
192  full  11  0.000249  0  0.000066  0  0.000062  
193  functions  10  0.000227  1  0.000199  0  0.000062  
194  future  37  0.000812  0  0.000066  1  0.000186  
195  game  36  0.000790  5  0.000731  0  0.000062  
196  games  20  0.000444  1  0.000199  1  0.000186  
197  gdpr  14  0.000314  1  0.000199  1  0.000186  
198  get  32  0.000703  5  0.000731  3  0.000434  
199  gets  12  0.000271  0  0.000066  0  0.000062  
200  getting  17  0.000379  0  0.000066  1  0.000186  
201  git  15  0.000335  1  0.000199  0  0.000062  
202  github  16  0.000357  6  0.000864  3  0.000434  
203  global  19  0.000422  0  0.000066  0  0.000062  
204  go  44  0.000963  5  0.000731  1  0.000186  
205  good  22  0.000487  0  0.000066  9  0.001177  
206  google  93  0.002024  1  0.000199  3  0.000434  
207  got  17  0.000379  0  0.000066  0  0.000062  
208  great  17  0.000379  0  0.000066  1  0.000186  
209  guide  41  0.000898  0  0.000066  0  0.000062  
210  had  9  0.000206  0  0.000066  2  0.000310  
211  hard  14  0.000314  0  0.000066  3  0.000434  
212  hardware  15  0.000335  0  0.000066  1  0.000186  
213  has  63  0.001374  0  0.000066  4  0.000558  
214  have  38  0.000833  0  0.000066  9  0.001177  
215  he  14  0.000314  0  0.000066  0  0.000062  
216  health  16  0.000357  0  0.000066  2  0.000310  
217  help  32  0.000703  3  0.000465  4  0.000558  
218  here  33  0.000725  0  0.000066  1  0.000186  
219  high  18  0.000400  0  0.000066  0  0.000062  
220  his  16  0.000357  0  0.000066  1  0.000186  
221  history  22  0.000487  0  0.000066  0  0.000062  
222  hn  5  0.000119  209  0.027859  224  0.027826  
223  home  18  0.000400  0  0.000066  2  0.000310  
224  how  311  0.006742  2  0.000332  61  0.007623  
225  human  17  0.000379  0  0.000066  0  0.000062  
226  i  72  0.001569  8  0.001130  20  0.002541  
227  ideas  12  0.000271  0  0.000066  1  0.000186  
228  if  26  0.000574  0  0.000066  4  0.000558  
229  image  9  0.000206  3  0.000465  0  0.000062  
230  images  15  0.000335  1  0.000199  0  0.000062  
231  in  643  0.013927  25  0.003391  21  0.002665  
232  industry  13  0.000292  0  0.000066  1  0.000186  
233  information  13  0.000292  0  0.000066  1  0.000186  
234  inside  18  0.000400  0  0.000066  0  0.000062  
235  intel  18  0.000400  0  0.000066  0  0.000062  
236  intelligence  25  0.000552  1  0.000199  0  0.000062  
237  interactive  14  0.000314  2  0.000332  0  0.000062  
238  internet  38  0.000833  0  0.000066  1  0.000186  
239  interview  10  0.000227  0  0.000066  2  0.000310  
240  into  52  0.001136  3  0.000465  2  0.000310  
241  introducing  17  0.000379  2  0.000332  0  0.000062  
242  ios  14  0.000314  3  0.000465  0  0.000062  
243  iphone  20  0.000444  0  0.000066  0  0.000062  
244  is  361  0.007824  3  0.000465  27  0.003409  
245  issue  11  0.000249  0  0.000066  0  0.000062  
246  it  134  0.002911  0  0.000066  12  0.001549  
247  its  61  0.001331  0  0.000066  1  0.000186  
248  java  10  0.000227  2  0.000332  1  0.000186  
249  javascript  39  0.000855  8  0.001130  0  0.000062  
250  job  13  0.000292  1  0.000199  4  0.000558  
251  jobs  15  0.000335  1  0.000199  3  0.000434  
252  js  9  0.000206  2  0.000332  1  0.000186  
253  json  11  0.000249  1  0.000199  0  0.000062  
254  just  28  0.000617  1  0.000199  1  0.000186  
255  kill  12  0.000271  0  0.000066  0  0.000062  
256  know  25  0.000552  0  0.000066  4  0.000558  
257  kubernetes  22  0.000487  1  0.000199  1  0.000186  
258  language  30  0.000660  0  0.000066  3  0.000434  
259  last  14  0.000314  0  0.000066  0  0.000062  
260  launch  13  0.000292  0  0.000066  0  0.000062  
261  launches  22  0.000487  0  0.000066  0  0.000062  
262  law  21  0.000465  1  0.000199  0  0.000062  
263  learn  22  0.000487  1  0.000199  4  0.000558  
264  learned  11  0.000249  1  0.000199  0  0.000062  
265  learning  66  0.001439  3  0.000465  6  0.000806  
266  less  11  0.000249  1  0.000199  0  0.000062  
267  let  19  0.000422  0  0.000066  0  0.000062  
268  library  17  0.000379  9  0.001263  1  0.000186  
269  life  29  0.000638  0  0.000066  0  0.000062  
270  like  34  0.000747  2  0.000332  6  0.000806  
271  linux  30  0.000660  1  0.000199  2  0.000310  
272  list  20  0.000444  1  0.000199  0  0.000062  
273  live  13  0.000292  1  0.000199  0  0.000062  
274  long  17  0.000379  0  0.000066  1  0.000186  
275  look  19  0.000422  1  0.000199  1  0.000186  
276  looking  9  0.000206  1  0.000199  1  0.000186  
277  love  14  0.000314  1  0.000199  0  0.000062  
278  machine  46  0.001006  2  0.000332  4  0.000558  
279  macos  10  0.000227  3  0.000465  0  0.000062  
280  made  15  0.000335  6  0.000864  1  0.000186  
281  magic  13  0.000292  1  0.000199  0  0.000062  
282  make  40  0.000877  2  0.000332  2  0.000310  
283  making  22  0.000487  0  0.000066  2  0.000310  
284  man  19  0.000422  0  0.000066  0  0.000062  
285  management  20  0.000444  2  0.000332  2  0.000310  
286  manager  12  0.000271  1  0.000199  2  0.000310  
287  many  16  0.000357  0  0.000066  1  0.000186  
288  market  16  0.000357  1  0.000199  1  0.000186  
289  marketing  10  0.000227  1  0.000199  0  0.000062  
290  mars  19  0.000422  0  0.000066  0  0.000062  
291  math  8  0.000184  2  0.000332  1  0.000186  
292  may  31  0.000682  1  0.000199  0  0.000062  
293  me  10  0.000227  0  0.000066  3  0.000434  
294  media  18  0.000400  1  0.000199  0  0.000062  
295  meet  11  0.000249  0  0.000066  0  0.000062  
296  microsoft  34  0.000747  0  0.000066  0  0.000062  
297  mission  11  0.000249  0  0.000066  0  0.000062  
298  mobile  21  0.000465  0  0.000066  1  0.000186  
299  model  22  0.000487  1  0.000199  1  0.000186  
300  modern  11  0.000249  2  0.000332  1  0.000186  
301  money  13  0.000292  2  0.000332  1  0.000186  
302  monitoring  9  0.000206  2  0.000332  0  0.000062  
303  more  60  0.001309  0  0.000066  2  0.000310  
304  most  32  0.000703  0  0.000066  4  0.000558  
305  much  21  0.000465  0  0.000066  3  0.000434  
306  music  10  0.000227  1  0.000199  1  0.000186  
307  musk  13  0.000292  0  0.000066  1  0.000186  
308  my  39  0.000855  5  0.000731  10  0.001301  
309  n't  47  0.001028  0  0.000066  5  0.000682  
310  nasa  20  0.000444  0  0.000066  0  0.000062  
311  need  17  0.000379  2  0.000332  4  0.000558  
312  needs  11  0.000249  0  0.000066  0  0.000062  
313  network  36  0.000790  2  0.000332  1  0.000186  
314  networks  16  0.000357  0  0.000066  0  0.000062  
315  neural  17  0.000379  0  0.000066  0  0.000062  
316  never  12  0.000271  0  0.000066  2  0.000310  
317  new  185  0.004015  5  0.000731  4  0.000558  
318  news  24  0.000530  0  0.000066  1  0.000186  
319  next  20  0.000444  0  0.000066  1  0.000186  
320  no  35  0.000768  1  0.000199  1  0.000186  
321  node.js  12  0.000271  1  0.000199  0  0.000062  
322  not  77  0.001677  0  0.000066  6  0.000806  
323  now  42  0.000920  0  0.000066  1  0.000186  
324  of  715  0.015485  18  0.002460  21  0.002665  
325  off  16  0.000357  0  0.000066  1  0.000186  
326  office  11  0.000249  0  0.000066  0  0.000062  
327  old  13  0.000292  1  0.000199  2  0.000310  
328  on  305  0.006612  14  0.001928  19  0.002417  
329  one  52  0.001136  0  0.000066  3  0.000434  
330  online  38  0.000833  3  0.000465  1  0.000186  
331  only  18  0.000400  0  0.000066  1  0.000186  
332  open  45  0.000985  4  0.000598  1  0.000186  
333  or  30  0.000660  3  0.000465  10  0.001301  
334  os  12  0.000271  2  0.000332  1  0.000186  
335  other  17  0.000379  0  0.000066  1  0.000186  
336  our  31  0.000682  0  0.000066  0  0.000062  
337  out  48  0.001050  0  0.000066  2  0.000310  
338  over  44  0.000963  3  0.000465  0  0.000062  
339  own  21  0.000465  0  0.000066  1  0.000186  
340  page  8  0.000184  3  0.000465  2  0.000310  
341  part  29  0.000638  0  0.000066  0  0.000062  
342  pay  10  0.000227  0  0.000066  1  0.000186  
343  pdf  65  0.001418  1  0.000199  0  0.000062  
344  people  39  0.000855  1  0.000199  4  0.000558  
345  performance  18  0.000400  1  0.000199  1  0.000186  
346  personal  9  0.000206  0  0.000066  2  0.000310  
347  phone  12  0.000271  0  0.000066  0  0.000062  
348  php  11  0.000249  2  0.000332  0  0.000062  
349  physics  12  0.000271  0  0.000066  1  0.000186  
350  plan  15  0.000335  1  0.000199  1  0.000186  
351  plans  12  0.000271  0  0.000066  0  0.000062  
352  platform  21  0.000465  2  0.000332  1  0.000186  
353  police  12  0.000271  0  0.000066  0  0.000062  
354  power  15  0.000335  0  0.000066  0  0.000062  
355  price  13  0.000292  1  0.000199  0  0.000062  
356  privacy  23  0.000509  0  0.000066  0  0.000062  
357  private  17  0.000379  2  0.000332  0  0.000062  
358  problem  14  0.000314  0  0.000066  3  0.000434  
359  problems  12  0.000271  0  0.000066  0  0.000062  
360  product  22  0.000487  1  0.000199  2  0.000310  
361  production  11  0.000249  0  0.000066  2  0.000310  
362  programming  39  0.000855  2  0.000332  4  0.000558  
363  project  41  0.000898  4  0.000598  4  0.000558  
364  projects  13  0.000292  0  0.000066  2  0.000310  
365  public  13  0.000292  0  0.000066  0  0.000062  
366  python  32  0.000703  6  0.000864  3  0.000434  
367  quantum  27  0.000595  0  0.000066  0  0.000062  
368  questions  11  0.000249  0  0.000066  2  0.000310  
369  re  15  0.000335  0  0.000066  0  0.000062  
370  react  20  0.000444  3  0.000465  0  0.000062  
371  read  12  0.000271  0  0.000066  1  0.000186  
372  real  27  0.000595  3  0.000465  0  0.000062  
373  reality  11  0.000249  0  0.000066  0  0.000062  
374  really  24  0.000530  0  0.000066  2  0.000310  
375  release  16  0.000357  0  0.000066  0  0.000062  
376  released  23  0.000509  1  0.000199  0  0.000062  
377  remote  7  0.000162  3  0.000465  3  0.000434  
378  report  25  0.000552  0  0.000066  0  0.000062  
379  research  17  0.000379  0  0.000066  1  0.000186  
380  review  25  0.000552  0  0.000066  0  0.000062  
381  right  16  0.000357  0  0.000066  0  0.000062  
382  robot  16  0.000357  0  0.000066  0  0.000062  
383  rocket  12  0.000271  1  0.000199  0  0.000062  
384  ruby  13  0.000292  1  0.000199  0  0.000062  
385  rules  15  0.000335  0  0.000066  0  0.000062  
386  run  15  0.000335  1  0.000199  3  0.000434  
387  running  12  0.000271  0  0.000066  0  0.000062  
388  russia  18  0.000400  0  0.000066  0  0.000062  
389  rust  18  0.000400  0  0.000066  0  0.000062  
390  s  249  0.005400  0  0.000066  3  0.000434  
391  saas  9  0.000206  1  0.000199  2  0.000310  
392  save  11  0.000249  0  0.000066  0  0.000062  
393  say  12  0.000271  0  0.000066  0  0.000062  
394  says  41  0.000898  0  0.000066  0  0.000062  
395  science  32  0.000703  0  0.000066  4  0.000558  
396  scientists  17  0.000379  0  0.000066  0  0.000062  
397  search  18  0.000400  2  0.000332  3  0.000434  
398  security  42  0.000920  1  0.000199  0  0.000062  
399  see  11  0.000249  1  0.000199  0  0.000062  
400  self-driving  16  0.000357  0  0.000066  0  0.000062  
401  server  12  0.000271  2  0.000332  0  0.000062  
402  serverless  14  0.000314  0  0.000066  0  0.000062  
403  service  24  0.000530  2  0.000332  0  0.000062  
404  services  14  0.000314  0  0.000066  0  0.000062  
405  set  13  0.000292  0  0.000066  0  0.000062  
406  share  10  0.000227  1  0.000199  1  0.000186  
407  should  33  0.000725  0  0.000066  7  0.000930  
408  show  4  0.000097  206  0.027460  0  0.000062  
409  side  13  0.000292  2  0.000332  0  0.000062  
410  silicon  19  0.000422  0  0.000066  0  0.000062  
411  simple  17  0.000379  8  0.001130  2  0.000310  
412  site  8  0.000184  2  0.000332  1  0.000186  
413  small  9  0.000206  1  0.000199  2  0.000310  
414  smart  21  0.000465  1  0.000199  0  0.000062  
415  so  29  0.000638  0  0.000066  2  0.000310  
416  social  24  0.000530  3  0.000465  0  0.000062  
417  software  41  0.000898  2  0.000332  13  0.001673  
418  solution  11  0.000249  0  0.000066  0  0.000062  
419  some  14  0.000314  0  0.000066  1  0.000186  
420  source  37  0.000812  4  0.000598  2  0.000310  
421  space  29  0.000638  0  0.000066  0  0.000062  
422  stack  14  0.000314  0  0.000066  0  0.000062  
423  start  11  0.000249  1  0.000199  0  0.000062  
424  startup  52  0.001136  0  0.000066  4  0.000558  
425  startups  17  0.000379  1  0.000199  4  0.000558  
426  state  18  0.000400  0  0.000066  1  0.000186  
427  still  24  0.000530  0  0.000066  3  0.000434  
428  stop  11  0.000249  1  0.000199  0  0.000062  
429  store  14  0.000314  0  0.000066  1  0.000186  
430  story  17  0.000379  0  0.000066  0  0.000062  
431  study  17  0.000379  0  0.000066  1  0.000186  
432  support  16  0.000357  1  0.000199  0  0.000062  
433  system  44  0.000963  1  0.000199  2  0.000310  
434  systems  14  0.000314  0  0.000066  1  0.000186  
435  t  51  0.001115  0  0.000066  0  0.000062  
436  take  16  0.000357  0  0.000066  1  0.000186  
437  takes  13  0.000292  0  0.000066  0  0.000062  
438  taking  11  0.000249  2  0.000332  0  0.000062  
439  talk  12  0.000271  0  0.000066  1  0.000186  
440  team  17  0.000379  1  0.000199  2  0.000310  
441  tech  66  0.001439  1  0.000199  6  0.000806  
442  technical  9  0.000206  0  0.000066  2  0.000310  
443  technology  24  0.000530  0  0.000066  1  0.000186  
444  tensorflow  11  0.000249  0  0.000066  0  0.000062  
445  terminal  9  0.000206  2  0.000332  0  0.000062  
446  tesla  32  0.000703  0  0.000066  0  0.000062  
447  test  25  0.000552  1  0.000199  2  0.000310  
448  testing  15  0.000335  2  0.000332  0  0.000062  
449  tests  13  0.000292  0  0.000066  0  0.000062  
450  text  9  0.000206  3  0.000465  1  0.000186  
451  than  40  0.000877  1  0.000199  1  0.000186  
452  that  92  0.002002  6  0.000864  9  0.001177  
453  the  1166  0.025246  26  0.003524  26  0.003285  
454  their  27  0.000595  0  0.000066  2  0.000310  
455  them  15  0.000335  0  0.000066  1  0.000186  
456  there  15  0.000335  0  0.000066  9  0.001177  
457  they  28  0.000617  0  0.000066  1  0.000186  
458  things  20  0.000444  0  0.000066  1  0.000186  
459  think  14  0.000314  0  0.000066  1  0.000186  
460  this  41  0.000898  1  0.000199  3  0.000434  
461  through  17  0.000379  0  0.000066  0  0.000062  
462  time  52  0.001136  2  0.000332  5  0.000682  
463  times  14  0.000314  0  0.000066  0  0.000062  
464  tiny  9  0.000206  1  0.000199  1  0.000186  
465  to  883  0.019121  34  0.004588  65  0.008118  
466  today  12  0.000271  0  0.000066  2  0.000310  
467  too  14  0.000314  0  0.000066  1  0.000186  
468  tool  18  0.000400  6  0.000864  1  0.000186  
469  tools  12  0.000271  1  0.000199  1  0.000186  
470  top  23  0.000509  1  0.000199  1  0.000186  
471  tracking  12  0.000271  0  0.000066  1  0.000186  
472  trade  11  0.000249  1  0.000199  1  0.000186  
473  trading  11  0.000249  0  0.000066  0  0.000062  
474  travel  8  0.000184  3  0.000465  0  0.000062  
475  trump  15  0.000335  0  0.000066  0  0.000062  
476  twitter  21  0.000465  2  0.000332  0  0.000062  
477  two  12  0.000271  1  0.000199  0  0.000062  
478  u.s.  26  0.000574  0  0.000066  0  0.000062  
479  uber  16  0.000357  0  0.000066  0  0.000062  
480  ui  9  0.000206  2  0.000332  0  0.000062  
481  uk  10  0.000227  0  0.000066  1  0.000186  
482  under  13  0.000292  0  0.000066  0  0.000062  
483  understanding  14  0.000314  0  0.000066  0  0.000062  
484  up  55  0.001201  1  0.000199  0  0.000062  
485  update  13  0.000292  0  0.000066  0  0.000062  
486  us  46  0.001006  0  0.000066  2  0.000310  
487  use  58  0.001266  4  0.000598  11  0.001425  
488  used  17  0.000379  0  0.000066  3  0.000434  
489  user  15  0.000335  0  0.000066  2  0.000310  
490  users  28  0.000617  0  0.000066  1  0.000186  
491  uses  10  0.000227  0  0.000066  1  0.000186  
492  using  80  0.001742  7  0.000997  3  0.000434  
493  valley  18  0.000400  0  0.000066  0  0.000062  
494  video  58  0.001266  0  0.000066  1  0.000186  
495  visual  13  0.000292  2  0.000332  1  0.000186  
496  vs.  23  0.000509  1  0.000199  5  0.000682  
497  want  10  0.000227  0  0.000066  1  0.000186  
498  wants  12  0.000271  0  0.000066  1  0.000186  
499  war  17  0.000379  0  0.000066  0  0.000062  
500  was  30  0.000660  0  0.000066  2  0.000310  
501  watch  10  0.000227  1  0.000199  1  0.000186  
502  water  12  0.000271  0  0.000066  0  0.000062  
503  way  38  0.000833  3  0.000465  4  0.000558  
504  we  76  0.001656  0  0.000066  2  0.000310  
505  web  48  0.001050  5  0.000731  4  0.000558  
506  website  12  0.000271  3  0.000465  4  0.000558  
507  what  117  0.002543  0  0.000066  51  0.006383  
508  when  49  0.001071  0  0.000066  10  0.001301  
509  where  16  0.000357  1  0.000199  1  0.000186  
510  which  12  0.000271  1  0.000199  8  0.001054  
511  who  46  0.001006  1  0.000199  4  0.000558  
512  why  144  0.003127  0  0.000066  15  0.001921  
513  will  68  0.001482  1  0.000199  2  0.000310  
514  windows  28  0.000617  1  0.000199  0  0.000062  
515  with  309  0.006698  23  0.003125  13  0.001673  
516  without  39  0.000855  3  0.000465  2  0.000310  
517  women  12  0.000271  0  0.000066  0  0.000062  
518  work  39  0.000855  3  0.000465  7  0.000930  
519  workers  13  0.000292  0  0.000066  1  0.000186  
520  working  15  0.000335  0  0.000066  1  0.000186  
521  works  11  0.000249  0  0.000066  0  0.000062  
522  world  58  0.001266  1  0.000199  0  0.000062  
523  would  8  0.000184  0  0.000066  9  0.001177  
524  write  12  0.000271  1  0.000199  1  0.000186  
525  writing  10  0.000227  0  0.000066  2  0.000310  
526  written  8  0.000184  3  0.000465  0  0.000062  
527  wrong  15  0.000335  0  0.000066  0  0.000062  
528  x  11  0.000249  0  0.000066  1  0.000186  
529  yc  15  0.000335  0  0.000066  0  0.000062  
530  year  29  0.000638  1  0.000199  1  0.000186  
531  years  32  0.000703  0  0.000066  0  0.000062  
532  you  183  0.003971  5  0.000731  53  0.006631  
533  your  169  0.003668  17  0.002327  26  0.003285  
534  youtube  17  0.000379  0  0.000066  1  0.000186  
535  –  296  0.006417  77  0.010306  5  0.000682  
536  ‘  58  0.001266  0  0.000066  0  0.000062  
537  ’  380  0.008235  0  0.000066  2  0.000310  
538  “  98  0.002132  2  0.000332  6  0.000806  
539  ”  97  0.002110  2  0.000332  6  0.000806  
