0  0  37  0.000881  5  0.000768  1  0.000198  
1  000  21  0.000505  0  0.000070  0  0.000066  
2  1  66  0.001563  2  0.000349  2  0.000330  
3  10  30  0.000717  2  0.000349  0  0.000066  
4  11  17  0.000411  0  0.000070  0  0.000066  
5  2  54  0.001281  4  0.000628  1  0.000198  
6  2013  16  0.000388  0  0.000070  0  0.000066  
7  2014  16  0.000388  0  0.000070  0  0.000066  
8  2015  19  0.000458  0  0.000070  0  0.000066  
9  2016  30  0.000717  0  0.000070  0  0.000066  
10  2017  40  0.000952  0  0.000070  0  0.000066  
11  2018  79  0.001868  1  0.000209  0  0.000066  
12  3  48  0.001140  1  0.000209  1  0.000198  
13  4  32  0.000764  1  0.000209  1  0.000198  
14  5  23  0.000552  0  0.000070  0  0.000066  
15  6  23  0.000552  1  0.000209  0  0.000066  
16  7  17  0.000411  0  0.000070  0  0.000066  
17  8  16  0.000388  0  0.000070  0  0.000066  
18  a  756  0.017778  52  0.007329  50  0.006658  
19  about  79  0.001868  3  0.000489  8  0.001121  
20  access  14  0.000341  2  0.000349  1  0.000198  
21  after  44  0.001046  0  0.000070  0  0.000066  
22  against  23  0.000552  0  0.000070  0  0.000066  
23  ai  72  0.001704  1  0.000209  1  0.000198  
24  all  44  0.001046  1  0.000209  3  0.000461  
25  amazon  61  0.001445  0  0.000070  0  0.000066  
26  america  16  0.000388  0  0.000070  0  0.000066  
27  an  148  0.003490  4  0.000628  2  0.000330  
28  analysis  18  0.000435  1  0.000209  1  0.000198  
29  analytics  16  0.000388  1  0.000209  0  0.000066  
30  and  604  0.014206  38  0.005374  15  0.002044  
31  android  32  0.000764  2  0.000349  0  0.000066  
32  any  19  0.000458  3  0.000489  9  0.001253  
33  api  21  0.000505  3  0.000489  2  0.000330  
34  app  55  0.001304  3  0.000489  2  0.000330  
35  apple  49  0.001163  0  0.000070  0  0.000066  
36  apps  12  0.000294  3  0.000489  2  0.000330  
37  are  144  0.003396  1  0.000209  26  0.003494  
38  art  18  0.000435  0  0.000070  1  0.000198  
39  artificial  19  0.000458  0  0.000070  0  0.000066  
40  as  85  0.002009  2  0.000349  8  0.001121  
41  ask  8  0.000200  1  0.000209  222  0.029336  
42  at  118  0.002785  0  0.000070  2  0.000330  
43  aws  30  0.000717  1  0.000209  3  0.000461  
44  back  25  0.000599  0  0.000070  0  0.000066  
45  bad  19  0.000458  0  0.000070  1  0.000198  
46  be  73  0.001727  2  0.000349  6  0.000857  
47  before  18  0.000435  0  0.000070  0  0.000066  
48  being  16  0.000388  0  0.000070  2  0.000330  
49  best  31  0.000740  1  0.000209  9  0.001253  
50  better  26  0.000623  3  0.000489  1  0.000198  
51  big  36  0.000858  0  0.000070  1  0.000198  
52  bitcoin  37  0.000881  3  0.000489  3  0.000461  
53  blockchain  36  0.000858  6  0.000907  0  0.000066  
54  book  12  0.000294  3  0.000489  1  0.000198  
55  browser  26  0.000623  3  0.000489  0  0.000066  
56  build  45  0.001069  2  0.000349  5  0.000725  
57  building  30  0.000717  2  0.000349  1  0.000198  
58  built  18  0.000435  2  0.000349  0  0.000066  
59  business  28  0.000670  0  0.000070  4  0.000593  
60  but  30  0.000717  0  0.000070  2  0.000330  
61  by  106  0.002503  3  0.000489  2  0.000330  
62  c  35  0.000834  4  0.000628  1  0.000198  
63  california  17  0.000411  0  0.000070  0  0.000066  
64  can  90  0.002127  2  0.000349  14  0.001912  
65  car  15  0.000364  1  0.000209  0  0.000066  
66  cars  16  0.000388  0  0.000070  0  0.000066  
67  ceo  20  0.000482  1  0.000209  0  0.000066  
68  change  24  0.000576  0  0.000070  2  0.000330  
69  china  45  0.001069  0  0.000070  0  0.000066  
70  chinese  19  0.000458  0  0.000070  0  0.000066  
71  chrome  24  0.000576  1  0.000209  2  0.000330  
72  climate  15  0.000364  1  0.000209  1  0.000198  
73  cloud  34  0.000811  1  0.000209  0  0.000066  
74  code  57  0.001351  3  0.000489  5  0.000725  
75  coming  16  0.000388  0  0.000070  0  0.000066  
76  companies  21  0.000505  0  0.000070  4  0.000593  
77  company  23  0.000552  0  0.000070  4  0.000593  
78  computer  19  0.000458  0  0.000070  4  0.000593  
79  computing  16  0.000388  0  0.000070  0  0.000066  
80  control  16  0.000388  0  0.000070  0  0.000066  
81  could  40  0.000952  1  0.000209  0  0.000066  
82  create  18  0.000435  1  0.000209  0  0.000066  
83  crypto  28  0.000670  6  0.000907  2  0.000330  
84  cryptocurrency  16  0.000388  1  0.000209  0  0.000066  
85  css  14  0.000341  2  0.000349  1  0.000198  
86  data  106  0.002503  6  0.000907  6  0.000857  
87  database  15  0.000364  0  0.000070  2  0.000330  
88  day  22  0.000529  0  0.000070  2  0.000330  
89  deep  27  0.000646  1  0.000209  0  0.000066  
90  design  28  0.000670  1  0.000209  1  0.000198  
91  developer  25  0.000599  1  0.000209  3  0.000461  
92  developers  15  0.000364  2  0.000349  1  0.000198  
93  development  26  0.000623  1  0.000209  3  0.000461  
94  digital  26  0.000623  3  0.000489  0  0.000066  
95  dna  16  0.000388  0  0.000070  0  0.000066  
96  do  53  0.001257  1  0.000209  46  0.006131  
97  does  30  0.000717  0  0.000070  11  0.001516  
98  don  16  0.000388  0  0.000070  0  0.000066  
99  don't  14  0.000341  0  0.000070  2  0.000330  
100  down  32  0.000764  0  0.000070  0  0.000066  
101  email  8  0.000200  5  0.000768  4  0.000593  
102  end  17  0.000411  0  0.000070  0  0.000066  
103  engineering  19  0.000458  0  0.000070  2  0.000330  
104  ethereum  18  0.000435  3  0.000489  0  0.000066  
105  every  18  0.000435  0  0.000070  0  0.000066  
106  facebook  83  0.001962  0  0.000070  3  0.000461  
107  fake  16  0.000388  0  0.000070  0  0.000066  
108  fast  23  0.000552  1  0.000209  0  0.000066  
109  find  19  0.000458  3  0.000489  7  0.000989  
110  first  57  0.001351  1  0.000209  2  0.000330  
111  for  544  0.012796  44  0.006212  36  0.004812  
112  framework  14  0.000341  3  0.000489  0  0.000066  
113  free  29  0.000693  3  0.000489  2  0.000330  
114  from  151  0.003560  7  0.001047  10  0.001384  
115  future  37  0.000881  0  0.000070  1  0.000198  
116  game  36  0.000858  5  0.000768  0  0.000066  
117  games  20  0.000482  1  0.000209  1  0.000198  
118  gdpr  14  0.000341  1  0.000209  1  0.000198  
119  get  32  0.000764  5  0.000768  3  0.000461  
120  getting  17  0.000411  0  0.000070  1  0.000198  
121  git  15  0.000364  1  0.000209  0  0.000066  
122  github  16  0.000388  6  0.000907  3  0.000461  
123  global  19  0.000458  0  0.000070  0  0.000066  
124  go  44  0.001046  5  0.000768  1  0.000198  
125  good  22  0.000529  0  0.000070  9  0.001253  
126  google  90  0.002127  1  0.000209  4  0.000593  
127  got  17  0.000411  0  0.000070  0  0.000066  
128  great  17  0.000411  0  0.000070  1  0.000198  
129  guide  41  0.000975  0  0.000070  0  0.000066  
130  hard  14  0.000341  0  0.000070  3  0.000461  
131  hardware  15  0.000364  0  0.000070  1  0.000198  
132  has  63  0.001492  0  0.000070  4  0.000593  
133  have  37  0.000881  0  0.000070  9  0.001253  
134  health  16  0.000388  0  0.000070  2  0.000330  
135  help  32  0.000764  3  0.000489  4  0.000593  
136  here  31  0.000740  0  0.000070  1  0.000198  
137  high  18  0.000435  0  0.000070  0  0.000066  
138  his  16  0.000388  0  0.000070  1  0.000198  
139  history  22  0.000529  0  0.000070  0  0.000066  
140  hn  5  0.000129  209  0.029245  224  0.029600  
141  home  18  0.000435  0  0.000070  2  0.000330  
142  how  311  0.007321  2  0.000349  61  0.008109  
143  human  17  0.000411  0  0.000070  0  0.000066  
144  i  72  0.001704  8  0.001187  19  0.002571  
145  if  26  0.000623  0  0.000070  4  0.000593  
146  images  15  0.000364  1  0.000209  0  0.000066  
147  in  643  0.015123  25  0.003560  21  0.002835  
148  inside  18  0.000435  0  0.000070  0  0.000066  
149  intel  16  0.000388  0  0.000070  0  0.000066  
150  intelligence  24  0.000576  1  0.000209  0  0.000066  
151  internet  38  0.000905  0  0.000070  1  0.000198  
152  into  52  0.001234  3  0.000489  2  0.000330  
153  introducing  17  0.000411  2  0.000349  0  0.000066  
154  ios  14  0.000341  3  0.000489  0  0.000066  
155  iphone  20  0.000482  0  0.000070  0  0.000066  
156  is  349  0.008214  3  0.000489  27  0.003626  
157  it  122  0.002879  0  0.000070  12  0.001648  
158  its  61  0.001445  0  0.000070  1  0.000198  
159  javascript  39  0.000928  8  0.001187  0  0.000066  
160  job  13  0.000317  1  0.000209  4  0.000593  
161  jobs  15  0.000364  1  0.000209  3  0.000461  
162  js  37  0.000881  5  0.000768  1  0.000198  
163  just  28  0.000670  1  0.000209  1  0.000198  
164  know  25  0.000599  0  0.000070  4  0.000593  
165  kubernetes  22  0.000529  1  0.000209  1  0.000198  
166  language  30  0.000717  0  0.000070  3  0.000461  
167  launches  22  0.000529  0  0.000070  0  0.000066  
168  law  21  0.000505  1  0.000209  0  0.000066  
169  learn  22  0.000529  1  0.000209  4  0.000593  
170  learning  66  0.001563  3  0.000489  6  0.000857  
171  library  17  0.000411  9  0.001326  1  0.000198  
172  life  29  0.000693  0  0.000070  0  0.000066  
173  like  34  0.000811  2  0.000349  6  0.000857  
174  linux  30  0.000717  1  0.000209  2  0.000330  
175  list  20  0.000482  1  0.000209  0  0.000066  
176  long  17  0.000411  0  0.000070  1  0.000198  
177  look  19  0.000458  1  0.000209  1  0.000198  
178  machine  46  0.001093  2  0.000349  4  0.000593  
179  made  15  0.000364  6  0.000907  1  0.000198  
180  make  40  0.000952  2  0.000349  2  0.000330  
181  making  22  0.000529  0  0.000070  2  0.000330  
182  man  19  0.000458  0  0.000070  0  0.000066  
183  management  20  0.000482  2  0.000349  2  0.000330  
184  many  16  0.000388  0  0.000070  1  0.000198  
185  market  16  0.000388  1  0.000209  1  0.000198  
186  mars  19  0.000458  0  0.000070  0  0.000066  
187  may  31  0.000740  1  0.000209  0  0.000066  
188  media  18  0.000435  1  0.000209  1  0.000198  
189  microsoft  32  0.000764  0  0.000070  0  0.000066  
190  mobile  21  0.000505  0  0.000070  2  0.000330  
191  model  22  0.000529  1  0.000209  1  0.000198  
192  money  13  0.000317  2  0.000349  1  0.000198  
193  more  60  0.001422  0  0.000070  2  0.000330  
194  most  32  0.000764  0  0.000070  4  0.000593  
195  much  21  0.000505  0  0.000070  3  0.000461  
196  my  39  0.000928  5  0.000768  10  0.001384  
197  nasa  16  0.000388  0  0.000070  0  0.000066  
198  need  17  0.000411  2  0.000349  4  0.000593  
199  net  17  0.000411  0  0.000070  0  0.000066  
200  network  36  0.000858  2  0.000349  1  0.000198  
201  networks  16  0.000388  0  0.000070  0  0.000066  
202  neural  17  0.000411  0  0.000070  0  0.000066  
203  new  185  0.004359  5  0.000768  4  0.000593  
204  news  24  0.000576  0  0.000070  1  0.000198  
205  next  21  0.000505  0  0.000070  1  0.000198  
206  no  36  0.000858  1  0.000209  1  0.000198  
207  node  18  0.000435  1  0.000209  1  0.000198  
208  not  76  0.001798  0  0.000070  6  0.000857  
209  now  42  0.000999  0  0.000070  1  0.000198  
210  of  715  0.016815  18  0.002583  21  0.002835  
211  off  16  0.000388  0  0.000070  1  0.000198  
212  old  13  0.000317  1  0.000209  2  0.000330  
213  on  306  0.007203  14  0.002024  19  0.002571  
214  one  53  0.001257  0  0.000070  3  0.000461  
215  online  39  0.000928  3  0.000489  1  0.000198  
216  only  18  0.000435  0  0.000070  1  0.000198  
217  open  45  0.001069  4  0.000628  1  0.000198  
218  or  30  0.000717  3  0.000489  10  0.001384  
219  os  13  0.000317  2  0.000349  1  0.000198  
220  other  17  0.000411  0  0.000070  1  0.000198  
221  our  31  0.000740  0  0.000070  0  0.000066  
222  out  49  0.001163  0  0.000070  2  0.000330  
223  over  44  0.001046  3  0.000489  0  0.000066  
224  own  21  0.000505  0  0.000070  1  0.000198  
225  part  29  0.000693  0  0.000070  0  0.000066  
226  pdf  66  0.001563  1  0.000209  0  0.000066  
227  people  39  0.000928  1  0.000209  4  0.000593  
228  performance  18  0.000435  1  0.000209  1  0.000198  
229  plan  15  0.000364  1  0.000209  1  0.000198  
230  platform  21  0.000505  2  0.000349  1  0.000198  
231  privacy  23  0.000552  0  0.000070  0  0.000066  
232  private  17  0.000411  2  0.000349  0  0.000066  
233  problem  14  0.000341  0  0.000070  3  0.000461  
234  product  22  0.000529  1  0.000209  2  0.000330  
235  programming  39  0.000928  2  0.000349  4  0.000593  
236  project  40  0.000952  4  0.000628  4  0.000593  
237  python  32  0.000764  6  0.000907  3  0.000461  
238  quantum  27  0.000646  0  0.000070  0  0.000066  
239  react  20  0.000482  3  0.000489  1  0.000198  
240  real  27  0.000646  3  0.000489  0  0.000066  
241  really  24  0.000576  0  0.000070  2  0.000330  
242  release  16  0.000388  0  0.000070  0  0.000066  
243  released  23  0.000552  1  0.000209  0  0.000066  
244  report  25  0.000599  0  0.000070  0  0.000066  
245  research  17  0.000411  0  0.000070  1  0.000198  
246  review  26  0.000623  0  0.000070  0  0.000066  
247  right  16  0.000388  0  0.000070  0  0.000066  
248  robot  16  0.000388  0  0.000070  0  0.000066  
249  run  15  0.000364  1  0.000209  3  0.000461  
250  russia  16  0.000388  0  0.000070  0  0.000066  
251  rust  18  0.000435  0  0.000070  0  0.000066  
252  s  279  0.006569  0  0.000070  3  0.000461  
253  says  41  0.000975  0  0.000070  0  0.000066  
254  science  32  0.000764  0  0.000070  4  0.000593  
255  scientists  17  0.000411  0  0.000070  0  0.000066  
256  search  18  0.000435  2  0.000349  3  0.000461  
257  security  42  0.000999  1  0.000209  0  0.000066  
258  self-driving  16  0.000388  0  0.000070  0  0.000066  
259  service  24  0.000576  2  0.000349  0  0.000066  
260  should  33  0.000787  0  0.000070  7  0.000989  
261  show  4  0.000106  206  0.028827  0  0.000066  
262  silicon  19  0.000458  0  0.000070  0  0.000066  
263  simple  17  0.000411  8  0.001187  2  0.000330  
264  smart  21  0.000505  1  0.000209  0  0.000066  
265  so  29  0.000693  0  0.000070  2  0.000330  
266  social  24  0.000576  3  0.000489  0  0.000066  
267  software  41  0.000975  2  0.000349  13  0.001780  
268  source  37  0.000881  4  0.000628  2  0.000330  
269  space  29  0.000693  0  0.000070  0  0.000066  
270  startup  52  0.001234  0  0.000070  4  0.000593  
271  startups  17  0.000411  1  0.000209  4  0.000593  
272  state  18  0.000435  0  0.000070  1  0.000198  
273  still  24  0.000576  0  0.000070  3  0.000461  
274  story  17  0.000411  0  0.000070  0  0.000066  
275  study  17  0.000411  0  0.000070  1  0.000198  
276  support  16  0.000388  1  0.000209  0  0.000066  
277  system  44  0.001046  1  0.000209  2  0.000330  
278  t  52  0.001234  0  0.000070  0  0.000066  
279  take  16  0.000388  0  0.000070  1  0.000198  
280  team  17  0.000411  1  0.000209  2  0.000330  
281  tech  65  0.001539  1  0.000209  6  0.000857  
282  technology  24  0.000576  0  0.000070  1  0.000198  
283  tesla  28  0.000670  0  0.000070  0  0.000066  
284  test  24  0.000576  1  0.000209  2  0.000330  
285  testing  15  0.000364  2  0.000349  0  0.000066  
286  than  40  0.000952  1  0.000209  1  0.000198  
287  that  89  0.002103  6  0.000907  9  0.001253  
288  the  1167  0.027437  26  0.003699  26  0.003494  
289  their  28  0.000670  0  0.000070  2  0.000330  
290  them  15  0.000364  0  0.000070  1  0.000198  
291  there  13  0.000317  0  0.000070  9  0.001253  
292  they  28  0.000670  0  0.000070  1  0.000198  
293  things  20  0.000482  0  0.000070  1  0.000198  
294  this  41  0.000975  1  0.000209  3  0.000461  
295  through  17  0.000411  0  0.000070  0  0.000066  
296  time  52  0.001234  2  0.000349  5  0.000725  
297  to  884  0.020787  34  0.004816  65  0.008636  
298  tool  18  0.000435  6  0.000907  1  0.000198  
299  top  23  0.000552  1  0.000209  1  0.000198  
300  twitter  19  0.000458  2  0.000349  0  0.000066  
301  u  28  0.000670  0  0.000070  0  0.000066  
302  up  55  0.001304  1  0.000209  0  0.000066  
303  us  46  0.001093  0  0.000070  2  0.000330  
304  use  58  0.001375  4  0.000628  11  0.001516  
305  used  17  0.000411  0  0.000070  3  0.000461  
306  user  14  0.000341  0  0.000070  2  0.000330  
307  users  27  0.000646  0  0.000070  1  0.000198  
308  using  80  0.001892  7  0.001047  3  0.000461  
309  valley  16  0.000388  0  0.000070  0  0.000066  
310  video  59  0.001398  0  0.000070  1  0.000198  
311  visual  13  0.000317  2  0.000349  1  0.000198  
312  vs  29  0.000693  1  0.000209  5  0.000725  
313  war  17  0.000411  0  0.000070  0  0.000066  
314  was  29  0.000693  0  0.000070  2  0.000330  
315  way  38  0.000905  3  0.000489  4  0.000593  
316  we  69  0.001633  0  0.000070  2  0.000330  
317  web  48  0.001140  5  0.000768  5  0.000725  
318  website  11  0.000270  3  0.000489  4  0.000593  
319  what  109  0.002573  0  0.000070  45  0.005999  
320  when  49  0.001163  0  0.000070  10  0.001384  
321  where  16  0.000388  1  0.000209  1  0.000198  
322  which  12  0.000294  1  0.000209  8  0.001121  
323  who  46  0.001093  1  0.000209  3  0.000461  
324  why  144  0.003396  0  0.000070  15  0.002044  
325  will  68  0.001610  1  0.000209  2  0.000330  
326  windows  28  0.000670  1  0.000209  0  0.000066  
327  with  310  0.007297  23  0.003281  13  0.001780  
328  without  39  0.000928  3  0.000489  2  0.000330  
329  work  39  0.000928  3  0.000489  7  0.000989  
330  working  15  0.000364  0  0.000070  1  0.000198  
331  world  52  0.001234  1  0.000209  0  0.000066  
332  would  8  0.000200  0  0.000070  9  0.001253  
333  year  29  0.000693  1  0.000209  1  0.000198  
334  years  32  0.000764  0  0.000070  0  0.000066  
335  you  174  0.004101  5  0.000768  51  0.006790  
336  your  169  0.003983  17  0.002443  26  0.003494  
337  youtube  17  0.000411  0  0.000070  1  0.000198  
