0  0  37  0.000881  5  0.000768  1  0.000198  
1  000  21  0.000505  0  0.000070  0  0.000066  
2  1  66  0.001563  2  0.000349  2  0.000330  
3  10  30  0.000717  2  0.000349  0  0.000066  
4  2  54  0.001281  4  0.000628  1  0.000198  
5  2016  30  0.000717  0  0.000070  0  0.000066  
6  2017  40  0.000952  0  0.000070  0  0.000066  
7  2018  79  0.001868  1  0.000209  0  0.000066  
8  3  48  0.001140  1  0.000209  1  0.000198  
9  4  32  0.000764  1  0.000209  1  0.000198  
10  5  23  0.000552  0  0.000070  0  0.000066  
11  6  23  0.000552  1  0.000209  0  0.000066  
12  a  756  0.017778  52  0.007329  50  0.006658  
13  about  79  0.001868  3  0.000489  8  0.001121  
14  after  44  0.001046  0  0.000070  0  0.000066  
15  against  23  0.000552  0  0.000070  0  0.000066  
16  ai  72  0.001704  1  0.000209  1  0.000198  
17  all  44  0.001046  1  0.000209  3  0.000461  
18  amazon  61  0.001445  0  0.000070  0  0.000066  
19  an  148  0.003490  4  0.000628  2  0.000330  
20  and  604  0.014206  38  0.005374  15  0.002044  
21  android  32  0.000764  2  0.000349  0  0.000066  
22  any  19  0.000458  3  0.000489  9  0.001253  
23  api  21  0.000505  3  0.000489  2  0.000330  
24  app  55  0.001304  3  0.000489  2  0.000330  
25  apple  49  0.001163  0  0.000070  0  0.000066  
26  are  144  0.003396  1  0.000209  26  0.003494  
27  as  85  0.002009  2  0.000349  8  0.001121  
28  ask  8  0.000200  1  0.000209  222  0.029336  
29  at  118  0.002785  0  0.000070  2  0.000330  
30  aws  30  0.000717  1  0.000209  3  0.000461  
31  back  25  0.000599  0  0.000070  0  0.000066  
32  be  73  0.001727  2  0.000349  6  0.000857  
33  best  31  0.000740  1  0.000209  9  0.001253  
34  better  26  0.000623  3  0.000489  1  0.000198  
35  big  36  0.000858  0  0.000070  1  0.000198  
36  bitcoin  37  0.000881  3  0.000489  3  0.000461  
37  blockchain  36  0.000858  6  0.000907  0  0.000066  
38  browser  26  0.000623  3  0.000489  0  0.000066  
39  build  45  0.001069  2  0.000349  5  0.000725  
40  building  30  0.000717  2  0.000349  1  0.000198  
41  business  28  0.000670  0  0.000070  4  0.000593  
42  but  30  0.000717  0  0.000070  2  0.000330  
43  by  106  0.002503  3  0.000489  2  0.000330  
44  c  35  0.000834  4  0.000628  1  0.000198  
45  can  90  0.002127  2  0.000349  14  0.001912  
46  ceo  20  0.000482  1  0.000209  0  0.000066  
47  change  24  0.000576  0  0.000070  2  0.000330  
48  china  45  0.001069  0  0.000070  0  0.000066  
49  chrome  24  0.000576  1  0.000209  2  0.000330  
50  cloud  34  0.000811  1  0.000209  0  0.000066  
51  code  57  0.001351  3  0.000489  5  0.000725  
52  companies  21  0.000505  0  0.000070  4  0.000593  
53  company  23  0.000552  0  0.000070  4  0.000593  
54  computer  19  0.000458  0  0.000070  4  0.000593  
55  could  40  0.000952  1  0.000209  0  0.000066  
56  crypto  28  0.000670  6  0.000907  2  0.000330  
57  data  106  0.002503  6  0.000907  6  0.000857  
58  day  22  0.000529  0  0.000070  2  0.000330  
59  deep  27  0.000646  1  0.000209  0  0.000066  
60  design  28  0.000670  1  0.000209  1  0.000198  
61  developer  25  0.000599  1  0.000209  3  0.000461  
62  development  26  0.000623  1  0.000209  3  0.000461  
63  digital  26  0.000623  3  0.000489  0  0.000066  
64  do  53  0.001257  1  0.000209  46  0.006131  
65  does  30  0.000717  0  0.000070  11  0.001516  
66  down  32  0.000764  0  0.000070  0  0.000066  
67  engineering  19  0.000458  0  0.000070  2  0.000330  
68  ethereum  18  0.000435  3  0.000489  0  0.000066  
69  facebook  83  0.001962  0  0.000070  3  0.000461  
70  fast  23  0.000552  1  0.000209  0  0.000066  
71  find  19  0.000458  3  0.000489  7  0.000989  
72  first  57  0.001351  1  0.000209  2  0.000330  
73  for  544  0.012796  44  0.006212  36  0.004812  
74  free  29  0.000693  3  0.000489  2  0.000330  
75  from  151  0.003560  7  0.001047  10  0.001384  
76  future  37  0.000881  0  0.000070  1  0.000198  
77  game  36  0.000858  5  0.000768  0  0.000066  
78  games  20  0.000482  1  0.000209  1  0.000198  
79  get  32  0.000764  5  0.000768  3  0.000461  
80  github  16  0.000388  6  0.000907  3  0.000461  
81  go  44  0.001046  5  0.000768  1  0.000198  
82  good  22  0.000529  0  0.000070  9  0.001253  
83  google  90  0.002127  1  0.000209  4  0.000593  
84  guide  41  0.000975  0  0.000070  0  0.000066  
85  has  63  0.001492  0  0.000070  4  0.000593  
86  have  37  0.000881  0  0.000070  9  0.001253  
87  help  32  0.000764  3  0.000489  4  0.000593  
88  here  31  0.000740  0  0.000070  1  0.000198  
89  history  22  0.000529  0  0.000070  0  0.000066  
90  hn  5  0.000129  209  0.029245  224  0.029600  
91  how  311  0.007321  2  0.000349  61  0.008109  
92  i  72  0.001704  8  0.001187  19  0.002571  
93  if  26  0.000623  0  0.000070  4  0.000593  
94  in  643  0.015123  25  0.003560  21  0.002835  
95  intelligence  24  0.000576  1  0.000209  0  0.000066  
96  internet  38  0.000905  0  0.000070  1  0.000198  
97  into  52  0.001234  3  0.000489  2  0.000330  
98  is  349  0.008214  3  0.000489  27  0.003626  
99  it  122  0.002879  0  0.000070  12  0.001648  
100  its  61  0.001445  0  0.000070  1  0.000198  
101  javascript  39  0.000928  8  0.001187  0  0.000066  
102  js  37  0.000881  5  0.000768  1  0.000198  
103  just  28  0.000670  1  0.000209  1  0.000198  
104  know  25  0.000599  0  0.000070  4  0.000593  
105  kubernetes  22  0.000529  1  0.000209  1  0.000198  
106  language  30  0.000717  0  0.000070  3  0.000461  
107  launches  22  0.000529  0  0.000070  0  0.000066  
108  law  21  0.000505  1  0.000209  0  0.000066  
109  learn  22  0.000529  1  0.000209  4  0.000593  
110  learning  66  0.001563  3  0.000489  6  0.000857  
111  library  17  0.000411  9  0.001326  1  0.000198  
112  life  29  0.000693  0  0.000070  0  0.000066  
113  like  34  0.000811  2  0.000349  6  0.000857  
114  linux  30  0.000717  1  0.000209  2  0.000330  
115  list  20  0.000482  1  0.000209  0  0.000066  
116  look  19  0.000458  1  0.000209  1  0.000198  
117  machine  46  0.001093  2  0.000349  4  0.000593  
118  made  15  0.000364  6  0.000907  1  0.000198  
119  make  40  0.000952  2  0.000349  2  0.000330  
120  making  22  0.000529  0  0.000070  2  0.000330  
121  management  20  0.000482  2  0.000349  2  0.000330  
122  may  31  0.000740  1  0.000209  0  0.000066  
123  microsoft  32  0.000764  0  0.000070  0  0.000066  
124  mobile  21  0.000505  0  0.000070  2  0.000330  
125  model  22  0.000529  1  0.000209  1  0.000198  
126  more  60  0.001422  0  0.000070  2  0.000330  
127  most  32  0.000764  0  0.000070  4  0.000593  
128  much  21  0.000505  0  0.000070  3  0.000461  
129  my  39  0.000928  5  0.000768  10  0.001384  
130  need  17  0.000411  2  0.000349  4  0.000593  
131  network  36  0.000858  2  0.000349  1  0.000198  
132  new  185  0.004359  5  0.000768  4  0.000593  
133  news  24  0.000576  0  0.000070  1  0.000198  
134  next  21  0.000505  0  0.000070  1  0.000198  
135  no  36  0.000858  1  0.000209  1  0.000198  
136  not  76  0.001798  0  0.000070  6  0.000857  
137  now  42  0.000999  0  0.000070  1  0.000198  
138  of  715  0.016815  18  0.002583  21  0.002835  
139  on  306  0.007203  14  0.002024  19  0.002571  
140  one  53  0.001257  0  0.000070  3  0.000461  
141  online  39  0.000928  3  0.000489  1  0.000198  
142  open  45  0.001069  4  0.000628  1  0.000198  
143  or  30  0.000717  3  0.000489  10  0.001384  
144  our  31  0.000740  0  0.000070  0  0.000066  
145  out  49  0.001163  0  0.000070  2  0.000330  
146  over  44  0.001046  3  0.000489  0  0.000066  
147  own  21  0.000505  0  0.000070  1  0.000198  
148  part  29  0.000693  0  0.000070  0  0.000066  
149  pdf  66  0.001563  1  0.000209  0  0.000066  
150  people  39  0.000928  1  0.000209  4  0.000593  
151  platform  21  0.000505  2  0.000349  1  0.000198  
152  privacy  23  0.000552  0  0.000070  0  0.000066  
153  product  22  0.000529  1  0.000209  2  0.000330  
154  programming  39  0.000928  2  0.000349  4  0.000593  
155  project  40  0.000952  4  0.000628  4  0.000593  
156  python  32  0.000764  6  0.000907  3  0.000461  
157  quantum  27  0.000646  0  0.000070  0  0.000066  
158  react  20  0.000482  3  0.000489  1  0.000198  
159  real  27  0.000646  3  0.000489  0  0.000066  
160  really  24  0.000576  0  0.000070  2  0.000330  
161  released  23  0.000552  1  0.000209  0  0.000066  
162  report  25  0.000599  0  0.000070  0  0.000066  
163  review  26  0.000623  0  0.000070  0  0.000066  
164  s  279  0.006569  0  0.000070  3  0.000461  
165  says  41  0.000975  0  0.000070  0  0.000066  
166  science  32  0.000764  0  0.000070  4  0.000593  
167  search  18  0.000435  2  0.000349  3  0.000461  
168  security  42  0.000999  1  0.000209  0  0.000066  
169  service  24  0.000576  2  0.000349  0  0.000066  
170  should  33  0.000787  0  0.000070  7  0.000989  
171  show  4  0.000106  206  0.028827  0  0.000066  
172  simple  17  0.000411  8  0.001187  2  0.000330  
173  smart  21  0.000505  1  0.000209  0  0.000066  
174  so  29  0.000693  0  0.000070  2  0.000330  
175  social  24  0.000576  3  0.000489  0  0.000066  
176  software  41  0.000975  2  0.000349  13  0.001780  
177  source  37  0.000881  4  0.000628  2  0.000330  
178  space  29  0.000693  0  0.000070  0  0.000066  
179  startup  52  0.001234  0  0.000070  4  0.000593  
180  startups  17  0.000411  1  0.000209  4  0.000593  
181  still  24  0.000576  0  0.000070  3  0.000461  
182  system  44  0.001046  1  0.000209  2  0.000330  
183  t  52  0.001234  0  0.000070  0  0.000066  
184  tech  65  0.001539  1  0.000209  6  0.000857  
185  technology  24  0.000576  0  0.000070  1  0.000198  
186  tesla  28  0.000670  0  0.000070  0  0.000066  
187  test  24  0.000576  1  0.000209  2  0.000330  
188  than  40  0.000952  1  0.000209  1  0.000198  
189  that  89  0.002103  6  0.000907  9  0.001253  
190  the  1167  0.027437  26  0.003699  26  0.003494  
191  their  28  0.000670  0  0.000070  2  0.000330  
192  there  13  0.000317  0  0.000070  9  0.001253  
193  they  28  0.000670  0  0.000070  1  0.000198  
194  things  20  0.000482  0  0.000070  1  0.000198  
195  this  41  0.000975  1  0.000209  3  0.000461  
196  time  52  0.001234  2  0.000349  5  0.000725  
197  to  884  0.020787  34  0.004816  65  0.008636  
198  tool  18  0.000435  6  0.000907  1  0.000198  
199  top  23  0.000552  1  0.000209  1  0.000198  
200  twitter  19  0.000458  2  0.000349  0  0.000066  
201  u  28  0.000670  0  0.000070  0  0.000066  
202  up  55  0.001304  1  0.000209  0  0.000066  
203  us  46  0.001093  0  0.000070  2  0.000330  
204  use  58  0.001375  4  0.000628  11  0.001516  
205  users  27  0.000646  0  0.000070  1  0.000198  
206  using  80  0.001892  7  0.001047  3  0.000461  
207  video  59  0.001398  0  0.000070  1  0.000198  
208  vs  29  0.000693  1  0.000209  5  0.000725  
209  was  29  0.000693  0  0.000070  2  0.000330  
210  way  38  0.000905  3  0.000489  4  0.000593  
211  we  69  0.001633  0  0.000070  2  0.000330  
212  web  48  0.001140  5  0.000768  5  0.000725  
213  what  109  0.002573  0  0.000070  45  0.005999  
214  when  49  0.001163  0  0.000070  10  0.001384  
215  which  12  0.000294  1  0.000209  8  0.001121  
216  who  46  0.001093  1  0.000209  3  0.000461  
217  why  144  0.003396  0  0.000070  15  0.002044  
218  will  68  0.001610  1  0.000209  2  0.000330  
219  windows  28  0.000670  1  0.000209  0  0.000066  
220  with  310  0.007297  23  0.003281  13  0.001780  
221  without  39  0.000928  3  0.000489  2  0.000330  
222  work  39  0.000928  3  0.000489  7  0.000989  
223  world  52  0.001234  1  0.000209  0  0.000066  
224  year  29  0.000693  1  0.000209  1  0.000198  
225  years  32  0.000764  0  0.000070  0  0.000066  
226  you  174  0.004101  5  0.000768  51  0.006790  
227  your  169  0.003983  17  0.002443  26  0.003494  
