0  #  13  0.000292  0  0.000066  0  0.000062  
1  $  81  0.001764  0  0.000066  0  0.000062  
2  %  13  0.000292  0  0.000066  1  0.000186  
3  &  13  0.000292  0  0.000066  0  0.000062  
4  '  101  0.002197  1  0.000199  2  0.000310  
5  're  10  0.000227  0  0.000066  0  0.000062  
6  's  237  0.005140  5  0.000731  11  0.001425  
7  've  6  0.000141  0  0.000066  3  0.000434  
8  (  319  0.006915  9  0.001263  8  0.001054  
9  )  320  0.006936  9  0.001263  8  0.001054  
10  ,  635  0.013754  34  0.004588  15  0.001921  
11  -  10  0.000227  1  0.000199  1  0.000186  
12  .  83  0.001807  0  0.000066  5  0.000682  
13  .net  6  0.000141  0  0.000066  0  0.000062  
14  /  5  0.000119  1  0.000199  1  0.000186  
15  1  19  0.000422  1  0.000199  2  0.000310  
16  10  22  0.000487  2  0.000332  0  0.000062  
17  100  8  0.000184  0  0.000066  0  0.000062  
18  11  9  0.000206  0  0.000066  0  0.000062  
19  12  7  0.000162  0  0.000066  0  0.000062  
20  2  26  0.000574  0  0.000066  0  0.000062  
21  2.0  4  0.000097  3  0.000465  1  0.000186  
22  2008  8  0.000184  0  0.000066  0  0.000062  
23  2012  13  0.000292  0  0.000066  0  0.000062  
24  2013  16  0.000357  0  0.000066  0  0.000062  
25  2014  16  0.000357  0  0.000066  0  0.000062  
26  2015  19  0.000422  0  0.000066  0  0.000062  
27  2016  30  0.000660  0  0.000066  0  0.000062  
28  2017  40  0.000877  0  0.000066  0  0.000062  
29  2018  75  0.001634  1  0.000199  0  0.000062  
30  2019  5  0.000119  0  0.000066  1  0.000186  
31  3  27  0.000595  1  0.000199  1  0.000186  
32  3.0  7  0.000162  0  0.000066  0  0.000062  
33  3d  11  0.000249  0  0.000066  1  0.000186  
34  4  16  0.000357  1  0.000199  0  0.000062  
35  5  15  0.000335  0  0.000066  0  0.000062  
36  6  14  0.000314  0  0.000066  0  0.000062  
37  7  9  0.000206  0  0.000066  0  0.000062  
38  8  13  0.000292  0  0.000066  0  0.000062  
39  :  610  0.013213  211  0.028125  222  0.027578  
40  ;  8  0.000184  1  0.000199  1  0.000186  
41  ?  311  0.006742  1  0.000199  185  0.022992  
42  [  116  0.002521  1  0.000199  0  0.000062  
43  ]  117  0.002543  1  0.000199  0  0.000062  
44  a  742  0.016069  52  0.006981  49  0.006135  
45  about  79  0.001721  3  0.000465  8  0.001054  
46  access  14  0.000314  2  0.000332  1  0.000186  
47  action  7  0.000162  0  0.000066  0  0.000062  
48  actually  10  0.000227  0  0.000066  0  0.000062  
49  adding  5  0.000119  1  0.000199  0  0.000062  
50  address  5  0.000119  0  0.000066  1  0.000186  
51  ads  9  0.000206  0  0.000066  0  0.000062  
52  advanced  5  0.000119  0  0.000066  1  0.000186  
53  africa  6  0.000141  0  0.000066  1  0.000186  
54  after  44  0.000963  0  0.000066  0  0.000062  
55  again  7  0.000162  0  0.000066  1  0.000186  
56  against  23  0.000509  0  0.000066  0  0.000062  
57  age  8  0.000184  0  0.000066  0  0.000062  
58  agile  5  0.000119  1  0.000199  0  0.000062  
59  ai  72  0.001569  1  0.000199  1  0.000186  
60  air  12  0.000271  0  0.000066  0  0.000062  
61  airbnb  8  0.000184  0  0.000066  0  0.000062  
62  airline  7  0.000162  0  0.000066  0  0.000062  
63  alexa  9  0.000206  1  0.000199  0  0.000062  
64  algorithm  6  0.000141  0  0.000066  0  0.000062  
65  algorithms  12  0.000271  0  0.000066  0  0.000062  
66  all  44  0.000963  1  0.000199  3  0.000434  
67  almost  8  0.000184  0  0.000066  0  0.000062  
68  already  6  0.000141  0  0.000066  1  0.000186  
69  alternative  6  0.000141  0  0.000066  2  0.000310  
70  am  5  0.000119  0  0.000066  1  0.000186  
71  amazon  62  0.001353  0  0.000066  0  0.000062  
72  america  17  0.000379  0  0.000066  0  0.000062  
73  american  10  0.000227  0  0.000066  0  0.000062  
74  among  4  0.000097  0  0.000066  2  0.000310  
75  an  148  0.003214  4  0.000598  2  0.000310  
76  analysis  17  0.000379  1  0.000199  1  0.000186  
77  analytica  8  0.000184  0  0.000066  0  0.000062  
78  analytics  16  0.000357  1  0.000199  0  0.000062  
79  anatomy  5  0.000119  1  0.000199  0  0.000062  
80  ancient  8  0.000184  0  0.000066  0  0.000062  
81  and  600  0.012996  38  0.005120  15  0.001921  
82  android  31  0.000682  2  0.000332  1  0.000186  
83  angular  8  0.000184  0  0.000066  0  0.000062  
84  announces  13  0.000292  0  0.000066  0  0.000062  
85  announcing  7  0.000162  0  0.000066  0  0.000062  
86  another  6  0.000141  1  0.000199  0  0.000062  
87  any  19  0.000422  3  0.000465  9  0.001177  
88  anyone  9  0.000206  0  0.000066  3  0.000434  
89  anything  7  0.000162  0  0.000066  0  0.000062  
90  apache  8  0.000184  1  0.000199  0  0.000062  
91  api  21  0.000465  3  0.000465  2  0.000310  
92  app  54  0.001180  3  0.000465  2  0.000310  
93  apple  53  0.001158  0  0.000066  0  0.000062  
94  application  11  0.000249  1  0.000199  1  0.000186  
95  applications  6  0.000141  1  0.000199  0  0.000062  
96  approach  9  0.000206  1  0.000199  0  0.000062  
97  apps  12  0.000271  3  0.000465  2  0.000310  
98  architecture  12  0.000271  1  0.000199  1  0.000186  
99  are  147  0.003192  1  0.000199  26  0.003285  
100  area  3  0.000076  0  0.000066  3  0.000434  
101  around  10  0.000227  1  0.000199  0  0.000062  
102  art  18  0.000400  0  0.000066  1  0.000186  
103  artificial  19  0.000422  0  0.000066  0  0.000062  
104  as  85  0.001850  2  0.000332  8  0.001054  
105  ask  8  0.000184  1  0.000199  222  0.027578  
106  at  118  0.002565  0  0.000066  2  0.000310  
107  attack  10  0.000227  0  0.000066  1  0.000186  
108  attacks  7  0.000162  0  0.000066  0  0.000062  
109  audio  9  0.000206  1  0.000199  0  0.000062  
110  australia  8  0.000184  0  0.000066  0  0.000062  
111  authentication  7  0.000162  0  0.000066  0  0.000062  
112  auto  7  0.000162  0  0.000066  0  0.000062  
113  automated  11  0.000249  1  0.000199  0  0.000062  
114  automation  7  0.000162  0  0.000066  0  0.000062  
115  autonomous  6  0.000141  0  0.000066  0  0.000062  
116  autopilot  6  0.000141  0  0.000066  0  0.000062  
117  available  11  0.000249  1  0.000199  2  0.000310  
118  away  6  0.000141  0  0.000066  0  0.000062  
119  awesome  6  0.000141  1  0.000199  0  0.000062  
120  aws  30  0.000660  1  0.000199  3  0.000434  
121  azure  7  0.000162  0  0.000066  1  0.000186  
122  back  25  0.000552  0  0.000066  0  0.000062  
123  background  5  0.000119  0  0.000066  1  0.000186  
124  bad  19  0.000422  0  0.000066  1  0.000186  
125  ban  8  0.000184  0  0.000066  0  0.000062  
126  bank  7  0.000162  0  0.000066  0  0.000062  
127  based  10  0.000227  3  0.000465  2  0.000310  
128  battery  8  0.000184  0  0.000066  0  0.000062  
129  be  73  0.001591  2  0.000332  6  0.000806  
130  beat  6  0.000141  0  0.000066  0  0.000062  
131  beautiful  9  0.000206  2  0.000332  0  0.000062  
132  became  9  0.000206  0  0.000066  0  0.000062  
133  because  5  0.000119  0  0.000066  1  0.000186  
134  become  11  0.000249  0  0.000066  2  0.000310  
135  been  13  0.000292  0  0.000066  2  0.000310  
136  before  18  0.000400  0  0.000066  0  0.000062  
137  behind  14  0.000314  0  0.000066  1  0.000186  
138  being  16  0.000357  0  0.000066  2  0.000310  
139  best  30  0.000660  1  0.000199  9  0.001177  
140  beta  12  0.000271  0  0.000066  1  0.000186  
141  better  26  0.000574  3  0.000465  1  0.000186  
142  between  12  0.000271  0  0.000066  0  0.000062  
143  big  36  0.000790  0  0.000066  1  0.000186  
144  biggest  11  0.000249  0  0.000066  0  0.000062  
145  bill  6  0.000141  0  0.000066  0  0.000062  
146  bitcoin  38  0.000833  2  0.000332  3  0.000434  
147  black  6  0.000141  1  0.000199  1  0.000186  
148  blockchain  36  0.000790  6  0.000864  0  0.000062  
149  blog  8  0.000184  0  0.000066  0  0.000062  
150  blood  6  0.000141  0  0.000066  0  0.000062  
151  board  10  0.000227  2  0.000332  0  0.000062  
152  body  6  0.000141  0  0.000066  0  0.000062  
153  book  12  0.000271  3  0.000465  1  0.000186  
154  books  10  0.000227  0  0.000066  2  0.000310  
155  bot  5  0.000119  1  0.000199  0  0.000062  
156  brain  14  0.000314  2  0.000332  0  0.000062  
157  breach  8  0.000184  0  0.000066  0  0.000062  
158  breaches  6  0.000141  0  0.000066  0  0.000062  
159  break  5  0.000119  0  0.000066  1  0.000186  
160  bridge  6  0.000141  0  0.000066  0  0.000062  
161  brief  7  0.000162  0  0.000066  0  0.000062  
162  bringing  10  0.000227  0  0.000066  0  0.000062  
163  browser  26  0.000574  3  0.000465  0  0.000062  
164  browsers  8  0.000184  0  0.000066  0  0.000062  
165  bug  10  0.000227  0  0.000066  1  0.000186  
166  bugs  6  0.000141  0  0.000066  0  0.000062  
167  build  44  0.000963  2  0.000332  5  0.000682  
168  building  30  0.000660  2  0.000332  1  0.000186  
169  built  18  0.000400  2  0.000332  0  0.000062  
170  business  27  0.000595  0  0.000066  4  0.000558  
171  but  30  0.000660  0  0.000066  2  0.000310  
172  buy  12  0.000271  0  0.000066  1  0.000186  
173  buying  7  0.000162  0  0.000066  0  0.000062  
174  by  106  0.002305  3  0.000465  2  0.000310  
175  c  15  0.000335  1  0.000199  1  0.000186  
176  c++  12  0.000271  2  0.000332  0  0.000062  
177  ca  3  0.000076  0  0.000066  3  0.000434  
178  calculator  5  0.000119  1  0.000199  0  0.000062  
179  california  17  0.000379  0  0.000066  0  0.000062  
180  call  4  0.000097  2  0.000332  0  0.000062  
181  calls  10  0.000227  0  0.000066  0  0.000062  
182  cambridge  8  0.000184  0  0.000066  0  0.000062  
183  campaign  6  0.000141  0  0.000066  0  0.000062  
184  can  91  0.001980  2  0.000332  14  0.001797  
185  canada  8  0.000184  0  0.000066  0  0.000062  
186  canadian  6  0.000141  0  0.000066  0  0.000062  
187  cancer  8  0.000184  0  0.000066  0  0.000062  
188  capitalism  7  0.000162  0  0.000066  0  0.000062  
189  car  15  0.000335  1  0.000199  0  0.000062  
190  cards  6  0.000141  0  0.000066  0  0.000062  
191  care  7  0.000162  0  0.000066  0  0.000062  
192  career  7  0.000162  0  0.000066  0  0.000062  
193  cars  17  0.000379  0  0.000066  0  0.000062  
194  case  14  0.000314  1  0.000199  0  0.000062  
195  century  6  0.000141  0  0.000066  0  0.000062  
196  ceo  18  0.000400  1  0.000199  0  0.000062  
197  change  24  0.000530  0  0.000066  2  0.000310  
198  changes  7  0.000162  0  0.000066  0  0.000062  
199  changing  6  0.000141  0  0.000066  1  0.000186  
200  chat  9  0.000206  5  0.000731  0  0.000062  
201  children  7  0.000162  0  0.000066  0  0.000062  
202  china  50  0.001093  0  0.000066  0  0.000062  
203  chinese  19  0.000422  0  0.000066  0  0.000062  
204  chip  12  0.000271  0  0.000066  0  0.000062  
205  chrome  25  0.000552  1  0.000199  2  0.000310  
206  cities  6  0.000141  0  0.000066  0  0.000062  
207  city  14  0.000314  0  0.000066  0  0.000062  
208  claims  8  0.000184  0  0.000066  0  0.000062  
209  class  8  0.000184  0  0.000066  0  0.000062  
210  clean  8  0.000184  2  0.000332  1  0.000186  
211  cli  5  0.000119  3  0.000465  0  0.000062  
212  client  3  0.000076  3  0.000465  1  0.000186  
213  climate  15  0.000335  1  0.000199  1  0.000186  
214  clojure  7  0.000162  0  0.000066  0  0.000062  
215  cloud  34  0.000747  1  0.000199  0  0.000062  
216  cloudflare  5  0.000119  0  0.000066  1  0.000186  
217  code  57  0.001244  3  0.000465  5  0.000682  
218  coding  11  0.000249  1  0.000199  0  0.000062  
219  collection  5  0.000119  1  0.000199  0  0.000062  
220  college  7  0.000162  0  0.000066  0  0.000062  
221  come  6  0.000141  0  0.000066  1  0.000186  
222  comes  8  0.000184  0  0.000066  0  0.000062  
223  coming  16  0.000357  0  0.000066  0  0.000062  
224  command  6  0.000141  1  0.000199  0  0.000062  
225  common  7  0.000162  0  0.000066  0  0.000062  
226  community  12  0.000271  0  0.000066  0  0.000062  
227  companies  21  0.000465  0  0.000066  4  0.000558  
228  company  23  0.000509  0  0.000066  4  0.000558  
229  compiler  8  0.000184  0  0.000066  0  0.000062  
230  complete  5  0.000119  0  0.000066  1  0.000186  
231  components  11  0.000249  1  0.000199  0  0.000062  
232  computer  19  0.000422  0  0.000066  4  0.000558  
233  computers  7  0.000162  0  0.000066  0  0.000062  
234  computing  16  0.000357  0  0.000066  0  0.000062  
235  concerns  6  0.000141  0  0.000066  0  0.000062  
236  congress  7  0.000162  0  0.000066  0  0.000062  
237  consensus  7  0.000162  0  0.000066  0  0.000062  
238  container  6  0.000141  0  0.000066  0  0.000062  
239  containers  6  0.000141  0  0.000066  0  0.000062  
240  content  13  0.000292  0  0.000066  0  0.000062  
241  context  6  0.000141  0  0.000066  0  0.000062  
242  contract  8  0.000184  0  0.000066  0  0.000062  
243  control  16  0.000357  0  0.000066  0  0.000062  
244  controversial  7  0.000162  0  0.000066  0  0.000062  
245  cook  7  0.000162  0  0.000066  0  0.000062  
246  core  12  0.000271  0  0.000066  0  0.000062  
247  corporate  6  0.000141  0  0.000066  0  0.000062  
248  cost  14  0.000314  0  0.000066  1  0.000186  
249  could  40  0.000877  1  0.000199  0  0.000062  
250  count  6  0.000141  0  0.000066  0  0.000062  
251  country  8  0.000184  0  0.000066  0  0.000062  
252  course  6  0.000141  0  0.000066  1  0.000186  
253  court  14  0.000314  0  0.000066  0  0.000062  
254  cpu  9  0.000206  0  0.000066  0  0.000062  
255  crash  6  0.000141  0  0.000066  1  0.000186  
256  create  18  0.000400  1  0.000199  0  0.000062  
257  created  9  0.000206  0  0.000066  1  0.000186  
258  creating  10  0.000227  1  0.000199  0  0.000062  
259  crisis  11  0.000249  0  0.000066  0  0.000062  
260  crypto  29  0.000638  6  0.000864  2  0.000310  
261  cryptocurrencies  7  0.000162  0  0.000066  0  0.000062  
262  cryptocurrency  16  0.000357  1  0.000199  0  0.000062  
263  css  12  0.000271  2  0.000332  1  0.000186  
264  culture  7  0.000162  0  0.000066  0  0.000062  
265  currency  5  0.000119  1  0.000199  1  0.000186  
266  current  5  0.000119  0  0.000066  1  0.000186  
267  custom  8  0.000184  1  0.000199  1  0.000186  
268  customer  6  0.000141  0  0.000066  1  0.000186  
269  daily  8  0.000184  1  0.000199  0  0.000062  
270  dangerous  7  0.000162  0  0.000066  0  0.000062  
271  dark  9  0.000206  2  0.000332  0  0.000062  
272  data  105  0.002283  6  0.000864  6  0.000806  
273  database  15  0.000335  0  0.000066  2  0.000310  
274  day  23  0.000509  0  0.000066  2  0.000310  
275  days  8  0.000184  0  0.000066  0  0.000062  
276  dead  12  0.000271  0  0.000066  0  0.000062  
277  deal  8  0.000184  0  0.000066  1  0.000186  
278  death  8  0.000184  0  0.000066  0  0.000062  
279  debt  7  0.000162  0  0.000066  1  0.000186  
280  debugging  8  0.000184  0  0.000066  0  0.000062  
281  decentralized  7  0.000162  4  0.000598  0  0.000062  
282  deep  27  0.000595  1  0.000199  0  0.000062  
283  defense  13  0.000292  0  0.000066  0  0.000062  
284  delay  6  0.000141  0  0.000066  0  0.000062  
285  delivery  8  0.000184  0  0.000066  0  0.000062  
286  deploy  6  0.000141  0  0.000066  0  0.000062  
287  depression  6  0.000141  0  0.000066  0  0.000062  
288  design  27  0.000595  1  0.000199  1  0.000186  
289  desktop  13  0.000292  1  0.000199  1  0.000186  
290  dev  7  0.000162  0  0.000066  2  0.000310  
291  developer  27  0.000595  1  0.000199  3  0.000434  
292  developers  15  0.000335  2  0.000332  1  0.000186  
293  developing  12  0.000271  0  0.000066  0  0.000062  
294  development  26  0.000574  1  0.000199  3  0.000434  
295  device  7  0.000162  0  0.000066  0  0.000062  
296  devices  13  0.000292  0  0.000066  0  0.000062  
297  devops  10  0.000227  0  0.000066  0  0.000062  
298  did  12  0.000271  0  0.000066  4  0.000558  
299  dies  8  0.000184  0  0.000066  0  0.000062  
300  different  7  0.000162  1  0.000199  0  0.000062  
301  digital  26  0.000574  3  0.000465  0  0.000062  
302  discover  5  0.000119  2  0.000332  0  0.000062  
303  distributed  13  0.000292  0  0.000066  1  0.000186  
304  dna  16  0.000357  0  0.000066  0  0.000062  
305  dns  4  0.000097  2  0.000332  1  0.000186  
306  do  67  0.001461  1  0.000199  48  0.006011  
307  docker  9  0.000206  1  0.000199  1  0.000186  
308  does  32  0.000703  0  0.000066  11  0.001425  
309  doesn  7  0.000162  0  0.000066  0  0.000062  
310  doing  9  0.000206  1  0.000199  1  0.000186  
311  don  16  0.000357  0  0.000066  0  0.000062  
312  done  6  0.000141  0  0.000066  0  0.000062  
313  down  32  0.000703  0  0.000066  0  0.000062  
314  drive  6  0.000141  0  0.000066  0  0.000062  
315  driverless  6  0.000141  0  0.000066  0  0.000062  
316  drone  6  0.000141  0  0.000066  0  0.000062  
317  drones  6  0.000141  0  0.000066  0  0.000062  
318  drug  10  0.000227  0  0.000066  1  0.000186  
319  dynamic  6  0.000141  2  0.000332  0  0.000062  
320  each  6  0.000141  0  0.000066  1  0.000186  
321  early  5  0.000119  0  0.000066  1  0.000186  
322  earth  7  0.000162  0  0.000066  0  0.000062  
323  easier  5  0.000119  1  0.000199  0  0.000062  
324  easy  8  0.000184  1  0.000199  0  0.000062  
325  economy  10  0.000227  0  0.000066  1  0.000186  
326  edition  7  0.000162  0  0.000066  0  0.000062  
327  editor  5  0.000119  1  0.000199  1  0.000186  
328  education  9  0.000206  1  0.000199  0  0.000062  
329  effects  7  0.000162  0  0.000066  0  0.000062  
330  efficient  8  0.000184  1  0.000199  0  0.000062  
331  electric  12  0.000271  0  0.000066  0  0.000062  
332  elon  13  0.000292  0  0.000066  0  0.000062  
333  email  8  0.000184  5  0.000731  4  0.000558  
334  embedded  5  0.000119  1  0.000199  0  0.000062  
335  employees  11  0.000249  0  0.000066  0  0.000062  
336  end  17  0.000379  0  0.000066  0  0.000062  
337  energy  5  0.000119  0  0.000066  1  0.000186  
338  engine  12  0.000271  0  0.000066  0  0.000062  
339  engineer  9  0.000206  0  0.000066  3  0.000434  
340  engineering  19  0.000422  0  0.000066  2  0.000310  
341  engineers  7  0.000162  0  0.000066  3  0.000434  
342  enough  12  0.000271  1  0.000199  0  0.000062  
343  enterprise  9  0.000206  0  0.000066  0  0.000062  
344  environment  5  0.000119  0  0.000066  1  0.000186  
345  ethereum  18  0.000400  3  0.000465  0  0.000062  
346  ethics  5  0.000119  0  0.000066  1  0.000186  
347  eu  7  0.000162  0  0.000066  0  0.000062  
348  europe  9  0.000206  0  0.000066  0  0.000062  
349  european  7  0.000162  0  0.000066  0  0.000062  
350  even  10  0.000227  0  0.000066  0  0.000062  
351  event  8  0.000184  1  0.000199  0  0.000062  
352  ever  12  0.000271  0  0.000066  1  0.000186  
353  every  18  0.000400  0  0.000066  0  0.000062  
354  everyone  7  0.000162  0  0.000066  0  0.000062  
355  everything  14  0.000314  0  0.000066  1  0.000186  
356  evidence  6  0.000141  0  0.000066  0  0.000062  
357  evolution  6  0.000141  0  0.000066  0  0.000062  
358  example  6  0.000141  0  0.000066  0  0.000062  
359  exchange  6  0.000141  1  0.000199  0  0.000062  
360  execution  8  0.000184  0  0.000066  0  0.000062  
361  experience  11  0.000249  0  0.000066  4  0.000558  
362  experiment  12  0.000271  0  0.000066  0  0.000062  
363  explained  8  0.000184  0  0.000066  0  0.000062  
364  exploring  7  0.000162  1  0.000199  0  0.000062  
365  extension  5  0.000119  2  0.000332  2  0.000310  
366  face  6  0.000141  0  0.000066  0  0.000062  
367  facebook  86  0.001872  0  0.000066  2  0.000310  
368  failed  5  0.000119  0  0.000066  1  0.000186  
369  fake  16  0.000357  0  0.000066  0  0.000062  
370  fall  6  0.000141  0  0.000066  0  0.000062  
371  falls  6  0.000141  0  0.000066  0  0.000062  
372  family  8  0.000184  1  0.000199  0  0.000062  
373  farmers  8  0.000184  0  0.000066  0  0.000062  
374  fast  22  0.000487  1  0.000199  0  0.000062  
375  faster  9  0.000206  0  0.000066  1  0.000186  
376  feature  7  0.000162  0  0.000066  1  0.000186  
377  features  6  0.000141  0  0.000066  1  0.000186  
378  federal  10  0.000227  0  0.000066  0  0.000062  
379  feedback  8  0.000184  2  0.000332  1  0.000186  
380  feel  5  0.000119  0  0.000066  1  0.000186  
381  few  6  0.000141  0  0.000066  0  0.000062  
382  fewer  6  0.000141  0  0.000066  0  0.000062  
383  fiction  6  0.000141  0  0.000066  0  0.000062  
384  fight  12  0.000271  0  0.000066  0  0.000062  
385  file  14  0.000314  1  0.000199  0  0.000062  
386  files  8  0.000184  0  0.000066  0  0.000062  
387  finally  10  0.000227  0  0.000066  0  0.000062  
388  financial  7  0.000162  0  0.000066  0  0.000062  
389  find  19  0.000422  3  0.000465  7  0.000930  
390  finds  10  0.000227  0  0.000066  0  0.000062  
391  fire  10  0.000227  0  0.000066  0  0.000062  
392  firms  10  0.000227  0  0.000066  0  0.000062  
393  first  57  0.001244  1  0.000199  2  0.000310  
394  five  7  0.000162  0  0.000066  0  0.000062  
395  fix  10  0.000227  0  0.000066  0  0.000062  
396  food  6  0.000141  0  0.000066  0  0.000062  
397  for  542  0.011741  44  0.005918  36  0.004524  
398  force  10  0.000227  0  0.000066  0  0.000062  
399  form  5  0.000119  0  0.000066  1  0.000186  
400  former  6  0.000141  0  0.000066  0  0.000062  
401  found  13  0.000292  1  0.000199  1  0.000186  
402  foundation  8  0.000184  0  0.000066  0  0.000062  
403  founder  9  0.000206  0  0.000066  0  0.000062  
404  founders  9  0.000206  0  0.000066  0  0.000062  
405  four  7  0.000162  0  0.000066  0  0.000062  
406  framework  14  0.000314  3  0.000465  0  0.000062  
407  france  6  0.000141  0  0.000066  0  0.000062  
408  free  29  0.000638  3  0.000465  2  0.000310  
409  friends  5  0.000119  2  0.000332  1  0.000186  
410  from  151  0.003279  7  0.000997  10  0.001301  
411  front-end  6  0.000141  0  0.000066  0  0.000062  
412  full  11  0.000249  0  0.000066  0  0.000062  
413  fun  6  0.000141  0  0.000066  0  0.000062  
414  function  7  0.000162  2  0.000332  0  0.000062  
415  functional  9  0.000206  0  0.000066  0  0.000062  
416  functions  10  0.000227  1  0.000199  0  0.000062  
417  fund  7  0.000162  0  0.000066  0  0.000062  
418  funding  4  0.000097  0  0.000066  2  0.000310  
419  future  37  0.000812  0  0.000066  1  0.000186  
420  galaxy  6  0.000141  0  0.000066  0  0.000062  
421  game  36  0.000790  5  0.000731  0  0.000062  
422  games  20  0.000444  1  0.000199  1  0.000186  
423  gdpr  14  0.000314  1  0.000199  1  0.000186  
424  generate  8  0.000184  2  0.000332  0  0.000062  
425  generation  8  0.000184  1  0.000199  1  0.000186  
426  generator  5  0.000119  5  0.000731  0  0.000062  
427  get  32  0.000703  5  0.000731  3  0.000434  
428  gets  12  0.000271  0  0.000066  0  0.000062  
429  getting  17  0.000379  0  0.000066  1  0.000186  
430  giant  6  0.000141  0  0.000066  0  0.000062  
431  git  15  0.000335  1  0.000199  0  0.000062  
432  github  16  0.000357  6  0.000864  3  0.000434  
433  give  8  0.000184  1  0.000199  0  0.000062  
434  global  19  0.000422  0  0.000066  0  0.000062  
435  gmail  4  0.000097  2  0.000332  3  0.000434  
436  go  44  0.000963  5  0.000731  1  0.000186  
437  goes  8  0.000184  0  0.000066  0  0.000062  
438  going  7  0.000162  0  0.000066  2  0.000310  
439  golang  7  0.000162  2  0.000332  1  0.000186  
440  good  22  0.000487  0  0.000066  9  0.001177  
441  google  93  0.002024  1  0.000199  3  0.000434  
442  got  17  0.000379  0  0.000066  0  0.000062  
443  gpu  7  0.000162  0  0.000066  0  0.000062  
444  graph  5  0.000119  0  0.000066  1  0.000186  
445  graphics  6  0.000141  0  0.000066  0  0.000062  
446  graphql  9  0.000206  1  0.000199  0  0.000062  
447  great  17  0.000379  0  0.000066  1  0.000186  
448  group  8  0.000184  1  0.000199  0  0.000062  
449  grow  7  0.000162  0  0.000066  2  0.000310  
450  growing  6  0.000141  0  0.000066  2  0.000310  
451  growth  9  0.000206  0  0.000066  0  0.000062  
452  guide  41  0.000898  0  0.000066  0  0.000062  
453  guy  6  0.000141  0  0.000066  0  0.000062  
454  hack  10  0.000227  0  0.000066  0  0.000062  
455  hacked  6  0.000141  0  0.000066  0  0.000062  
456  hacker  10  0.000227  0  0.000066  0  0.000062  
457  hackers  6  0.000141  0  0.000066  0  0.000062  
458  hacking  6  0.000141  0  0.000066  0  0.000062  
459  had  9  0.000206  0  0.000066  2  0.000310  
460  half  8  0.000184  1  0.000199  0  0.000062  
461  handle  7  0.000162  0  0.000066  0  0.000062  
462  happen  7  0.000162  0  0.000066  0  0.000062  
463  happens  10  0.000227  0  0.000066  0  0.000062  
464  hard  14  0.000314  0  0.000066  3  0.000434  
465  hardware  15  0.000335  0  0.000066  1  0.000186  
466  has  63  0.001374  0  0.000066  4  0.000558  
467  haskell  6  0.000141  0  0.000066  0  0.000062  
468  hate  6  0.000141  0  0.000066  1  0.000186  
469  have  38  0.000833  0  0.000066  9  0.001177  
470  having  5  0.000119  0  0.000066  1  0.000186  
471  he  14  0.000314  0  0.000066  0  0.000062  
472  head  7  0.000162  0  0.000066  0  0.000062  
473  health  16  0.000357  0  0.000066  2  0.000310  
474  help  32  0.000703  3  0.000465  4  0.000558  
475  helped  6  0.000141  0  0.000066  0  0.000062  
476  here  33  0.000725  0  0.000066  1  0.000186  
477  hidden  7  0.000162  0  0.000066  0  0.000062  
478  high  18  0.000400  0  0.000066  0  0.000062  
479  hire  5  0.000119  0  0.000066  1  0.000186  
480  hiring  3  0.000076  0  0.000066  3  0.000434  
481  his  16  0.000357  0  0.000066  1  0.000186  
482  history  22  0.000487  0  0.000066  0  0.000062  
483  hit  9  0.000206  0  0.000066  0  0.000062  
484  hn  5  0.000119  209  0.027859  224  0.027826  
485  home  18  0.000400  0  0.000066  2  0.000310  
486  hours  8  0.000184  0  0.000066  0  0.000062  
487  house  7  0.000162  0  0.000066  0  0.000062  
488  how  311  0.006742  2  0.000332  61  0.007623  
489  html  6  0.000141  1  0.000199  0  0.000062  
490  http  4  0.000097  2  0.000332  0  0.000062  
491  https  6  0.000141  1  0.000199  0  0.000062  
492  huawei  6  0.000141  0  0.000066  0  0.000062  
493  human  17  0.000379  0  0.000066  0  0.000062  
494  humans  8  0.000184  1  0.000199  0  0.000062  
495  hunt  6  0.000141  0  0.000066  0  0.000062  
496  i  72  0.001569  8  0.001130  20  0.002541  
497  ibm  7  0.000162  0  0.000066  0  0.000062  
498  ico  7  0.000162  0  0.000066  0  0.000062  
499  idea  6  0.000141  2  0.000332  2  0.000310  
500  ideas  12  0.000271  0  0.000066  1  0.000186  
501  identity  8  0.000184  0  0.000066  0  0.000062  
502  if  26  0.000574  0  0.000066  4  0.000558  
503  image  9  0.000206  3  0.000465  0  0.000062  
504  images  15  0.000335  1  0.000199  0  0.000062  
505  impact  6  0.000141  0  0.000066  1  0.000186  
506  important  6  0.000141  1  0.000199  3  0.000434  
507  improve  6  0.000141  0  0.000066  1  0.000186  
508  in  643  0.013927  25  0.003391  21  0.002665  
509  index  8  0.000184  0  0.000066  0  0.000062  
510  india  10  0.000227  0  0.000066  0  0.000062  
511  industry  13  0.000292  0  0.000066  1  0.000186  
512  influence  7  0.000162  0  0.000066  0  0.000062  
513  information  13  0.000292  0  0.000066  1  0.000186  
514  infrastructure  7  0.000162  0  0.000066  0  0.000062  
515  innovation  8  0.000184  0  0.000066  0  0.000062  
516  inside  18  0.000400  0  0.000066  0  0.000062  
517  instagram  6  0.000141  0  0.000066  0  0.000062  
518  integration  8  0.000184  0  0.000066  0  0.000062  
519  intel  18  0.000400  0  0.000066  0  0.000062  
520  intelligence  25  0.000552  1  0.000199  0  0.000062  
521  interactive  14  0.000314  2  0.000332  0  0.000062  
522  interface  4  0.000097  1  0.000199  1  0.000186  
523  internet  38  0.000833  0  0.000066  1  0.000186  
524  interview  10  0.000227  0  0.000066  2  0.000310  
525  interviews  5  0.000119  0  0.000066  2  0.000310  
526  into  52  0.001136  3  0.000465  2  0.000310  
527  introducing  17  0.000379  2  0.000332  0  0.000062  
528  introduction  8  0.000184  0  0.000066  0  0.000062  
529  investing  6  0.000141  0  0.000066  0  0.000062  
530  investment  10  0.000227  0  0.000066  0  0.000062  
531  ios  14  0.000314  3  0.000465  0  0.000062  
532  iot  6  0.000141  0  0.000066  0  0.000062  
533  iphone  20  0.000444  0  0.000066  0  0.000062  
534  is  361  0.007824  3  0.000465  27  0.003409  
535  issue  11  0.000249  0  0.000066  0  0.000062  
536  it  134  0.002911  0  0.000066  12  0.001549  
537  its  61  0.001331  0  0.000066  1  0.000186  
538  itself  6  0.000141  0  0.000066  0  0.000062  
539  japan  9  0.000206  0  0.000066  0  0.000062  
540  japanese  6  0.000141  0  0.000066  0  0.000062  
541  java  10  0.000227  2  0.000332  1  0.000186  
542  javascript  39  0.000855  8  0.001130  0  0.000062  
543  job  13  0.000292  1  0.000199  4  0.000558  
544  jobs  15  0.000335  1  0.000199  3  0.000434  
545  john  5  0.000119  1  0.000199  0  0.000062  
546  joy  6  0.000141  0  0.000066  0  0.000062  
547  js  9  0.000206  2  0.000332  1  0.000186  
548  json  11  0.000249  1  0.000199  0  0.000062  
549  just  28  0.000617  1  0.000199  1  0.000186  
550  keep  6  0.000141  0  0.000066  1  0.000186  
551  key  6  0.000141  3  0.000465  0  0.000062  
552  keys  5  0.000119  0  0.000066  1  0.000186  
553  kill  12  0.000271  0  0.000066  0  0.000062  
554  know  25  0.000552  0  0.000066  4  0.000558  
555  knowledge  8  0.000184  0  0.000066  0  0.000062  
556  korea  6  0.000141  0  0.000066  0  0.000062  
557  kotlin  8  0.000184  0  0.000066  0  0.000062  
558  kubernetes  22  0.000487  1  0.000199  1  0.000186  
559  lambda  7  0.000162  1  0.000199  1  0.000186  
560  language  30  0.000660  0  0.000066  3  0.000434  
561  languages  6  0.000141  0  0.000066  1  0.000186  
562  laptop  7  0.000162  0  0.000066  1  0.000186  
563  large  7  0.000162  0  0.000066  1  0.000186  
564  last  14  0.000314  0  0.000066  0  0.000062  
565  latest  7  0.000162  0  0.000066  0  0.000062  
566  launch  13  0.000292  0  0.000066  0  0.000062  
567  launches  22  0.000487  0  0.000066  0  0.000062  
568  launching  7  0.000162  0  0.000066  0  0.000062  
569  law  21  0.000465  1  0.000199  0  0.000062  
570  laws  7  0.000162  0  0.000066  0  0.000062  
571  lead  9  0.000206  1  0.000199  0  0.000062  
572  leap  7  0.000162  0  0.000066  0  0.000062  
573  learn  22  0.000487  1  0.000199  4  0.000558  
574  learned  11  0.000249  1  0.000199  0  0.000062  
575  learning  66  0.001439  3  0.000465  6  0.000806  
576  lego  7  0.000162  0  0.000066  0  0.000062  
577  less  11  0.000249  1  0.000199  0  0.000062  
578  lessons  9  0.000206  1  0.000199  0  0.000062  
579  let  19  0.000422  0  0.000066  0  0.000062  
580  libraries  7  0.000162  1  0.000199  0  0.000062  
581  library  17  0.000379  9  0.001263  1  0.000186  
582  life  29  0.000638  0  0.000066  0  0.000062  
583  lightweight  4  0.000097  2  0.000332  0  0.000062  
584  like  34  0.000747  2  0.000332  6  0.000806  
585  likely  8  0.000184  0  0.000066  0  0.000062  
586  line  7  0.000162  0  0.000066  0  0.000062  
587  linux  30  0.000660  1  0.000199  2  0.000310  
588  lisp  5  0.000119  1  0.000199  0  0.000062  
589  list  20  0.000444  1  0.000199  0  0.000062  
590  little  8  0.000184  0  0.000066  0  0.000062  
591  live  13  0.000292  1  0.000199  0  0.000062  
592  lives  6  0.000141  0  0.000066  0  0.000062  
593  living  4  0.000097  1  0.000199  1  0.000186  
594  local  7  0.000162  3  0.000465  0  0.000062  
595  log  7  0.000162  1  0.000199  0  0.000062  
596  long  17  0.000379  0  0.000066  1  0.000186  
597  look  19  0.000422  1  0.000199  1  0.000186  
598  looking  9  0.000206  1  0.000199  1  0.000186  
599  looks  9  0.000206  0  0.000066  0  0.000062  
600  love  14  0.000314  1  0.000199  0  0.000062  
601  mac  6  0.000141  1  0.000199  1  0.000186  
602  machine  46  0.001006  2  0.000332  4  0.000558  
603  macos  10  0.000227  3  0.000465  0  0.000062  
604  made  15  0.000335  6  0.000864  1  0.000186  
605  magic  13  0.000292  1  0.000199  0  0.000062  
606  major  7  0.000162  0  0.000066  0  0.000062  
607  make  40  0.000877  2  0.000332  2  0.000310  
608  makes  5  0.000119  0  0.000066  1  0.000186  
609  making  22  0.000487  0  0.000066  2  0.000310  
610  malware  6  0.000141  0  0.000066  0  0.000062  
611  man  19  0.000422  0  0.000066  0  0.000062  
612  manage  5  0.000119  3  0.000465  2  0.000310  
613  management  20  0.000444  2  0.000332  2  0.000310  
614  manager  12  0.000271  1  0.000199  2  0.000310  
615  many  16  0.000357  0  0.000066  1  0.000186  
616  map  5  0.000119  1  0.000199  0  0.000062  
617  maps  7  0.000162  0  0.000066  0  0.000062  
618  mark  8  0.000184  0  0.000066  0  0.000062  
619  market  16  0.000357  1  0.000199  1  0.000186  
620  marketing  10  0.000227  1  0.000199  0  0.000062  
621  mars  19  0.000422  0  0.000066  0  0.000062  
622  massive  6  0.000141  0  0.000066  1  0.000186  
623  math  8  0.000184  2  0.000332  1  0.000186  
624  mathematics  7  0.000162  1  0.000199  0  0.000062  
625  matter  5  0.000119  0  0.000066  1  0.000186  
626  matters  8  0.000184  0  0.000066  0  0.000062  
627  may  31  0.000682  1  0.000199  0  0.000062  
628  me  10  0.000227  0  0.000066  3  0.000434  
629  media  18  0.000400  1  0.000199  0  0.000062  
630  medium  7  0.000162  1  0.000199  0  0.000062  
631  meet  11  0.000249  0  0.000066  0  0.000062  
632  meeting  6  0.000141  0  0.000066  0  0.000062  
633  meltdown  8  0.000184  0  0.000066  0  0.000062  
634  memory  8  0.000184  0  0.000066  0  0.000062  
635  men  7  0.000162  0  0.000066  0  0.000062  
636  method  7  0.000162  0  0.000066  0  0.000062  
637  microsoft  34  0.000747  0  0.000066  0  0.000062  
638  might  9  0.000206  0  0.000066  0  0.000062  
639  mind  8  0.000184  1  0.000199  1  0.000186  
640  mission  11  0.000249  0  0.000066  0  0.000062  
641  mistakes  6  0.000141  0  0.000066  0  0.000062  
642  ml  6  0.000141  0  0.000066  2  0.000310  
643  mobile  21  0.000465  0  0.000066  1  0.000186  
644  mode  5  0.000119  1  0.000199  0  0.000062  
645  model  22  0.000487  1  0.000199  1  0.000186  
646  models  9  0.000206  0  0.000066  0  0.000062  
647  modern  11  0.000249  2  0.000332  1  0.000186  
648  money  13  0.000292  2  0.000332  1  0.000186  
649  monitoring  9  0.000206  2  0.000332  0  0.000062  
650  month  6  0.000141  1  0.000199  0  0.000062  
651  months  7  0.000162  0  0.000066  1  0.000186  
652  moon  6  0.000141  0  0.000066  0  0.000062  
653  more  60  0.001309  0  0.000066  2  0.000310  
654  most  32  0.000703  0  0.000066  4  0.000558  
655  much  21  0.000465  0  0.000066  3  0.000434  
656  music  10  0.000227  1  0.000199  1  0.000186  
657  musk  13  0.000292  0  0.000066  1  0.000186  
658  my  39  0.000855  5  0.000731  10  0.001301  
659  mystery  6  0.000141  0  0.000066  0  0.000062  
660  n't  47  0.001028  0  0.000066  5  0.000682  
661  name  5  0.000119  0  0.000066  1  0.000186  
662  nasa  20  0.000444  0  0.000066  0  0.000062  
663  native  8  0.000184  0  0.000066  1  0.000186  
664  need  17  0.000379  2  0.000332  4  0.000558  
665  needed  6  0.000141  0  0.000066  0  0.000062  
666  needs  11  0.000249  0  0.000066  0  0.000062  
667  net  9  0.000206  0  0.000066  0  0.000062  
668  netflix  8  0.000184  0  0.000066  0  0.000062  
669  network  36  0.000790  2  0.000332  1  0.000186  
670  networks  16  0.000357  0  0.000066  0  0.000062  
671  neural  17  0.000379  0  0.000066  0  0.000062  
672  neutrality  6  0.000141  0  0.000066  0  0.000062  
673  never  12  0.000271  0  0.000066  2  0.000310  
674  new  185  0.004015  5  0.000731  4  0.000558  
675  news  24  0.000530  0  0.000066  1  0.000186  
676  next  20  0.000444  0  0.000066  1  0.000186  
677  no  35  0.000768  1  0.000199  1  0.000186  
678  node  6  0.000141  0  0.000066  0  0.000062  
679  node.js  12  0.000271  1  0.000199  0  0.000062  
680  not  77  0.001677  0  0.000066  6  0.000806  
681  notes  6  0.000141  0  0.000066  0  0.000062  
682  now  42  0.000920  0  0.000066  1  0.000186  
683  nuclear  9  0.000206  0  0.000066  0  0.000062  
684  number  7  0.000162  0  0.000066  0  0.000062  
685  numbers  5  0.000119  1  0.000199  0  0.000062  
686  nyc  8  0.000184  0  0.000066  0  0.000062  
687  ocean  8  0.000184  0  0.000066  0  0.000062  
688  of  715  0.015485  18  0.002460  21  0.002665  
689  off  16  0.000357  0  0.000066  1  0.000186  
690  office  11  0.000249  0  0.000066  0  0.000062  
691  old  13  0.000292  1  0.000199  2  0.000310  
692  on  305  0.006612  14  0.001928  19  0.002417  
693  one  52  0.001136  0  0.000066  3  0.000434  
694  online  38  0.000833  3  0.000465  1  0.000186  
695  only  18  0.000400  0  0.000066  1  0.000186  
696  open  45  0.000985  4  0.000598  1  0.000186  
697  open-source  7  0.000162  0  0.000066  1  0.000186  
698  or  30  0.000660  3  0.000465  10  0.001301  
699  order  9  0.000206  0  0.000066  0  0.000062  
700  os  12  0.000271  2  0.000332  1  0.000186  
701  other  17  0.000379  0  0.000066  1  0.000186  
702  others  5  0.000119  0  0.000066  1  0.000186  
703  our  31  0.000682  0  0.000066  0  0.000062  
704  out  48  0.001050  0  0.000066  2  0.000310  
705  over  44  0.000963  3  0.000465  0  0.000062  
706  own  21  0.000465  0  0.000066  1  0.000186  
707  package  6  0.000141  0  0.000066  1  0.000186  
708  page  8  0.000184  3  0.000465  2  0.000310  
709  pages  7  0.000162  2  0.000332  1  0.000186  
710  paid  6  0.000141  0  0.000066  0  0.000062  
711  pain  7  0.000162  0  0.000066  0  0.000062  
712  paper  6  0.000141  1  0.000199  0  0.000062  
713  part  29  0.000638  0  0.000066  0  0.000062  
714  password  7  0.000162  0  0.000066  0  0.000062  
715  passwords  6  0.000141  0  0.000066  0  0.000062  
716  past  8  0.000184  0  0.000066  0  0.000062  
717  patent  9  0.000206  0  0.000066  0  0.000062  
718  patients  6  0.000141  0  0.000066  0  0.000062  
719  pay  10  0.000227  0  0.000066  1  0.000186  
720  payment  6  0.000141  1  0.000199  1  0.000186  
721  pc  6  0.000141  0  0.000066  0  0.000062  
722  pdf  65  0.001418  1  0.000199  0  0.000062  
723  people  39  0.000855  1  0.000199  4  0.000558  
724  per  7  0.000162  0  0.000066  0  0.000062  
725  performance  18  0.000400  1  0.000199  1  0.000186  
726  personal  9  0.000206  0  0.000066  2  0.000310  
727  perspective  6  0.000141  0  0.000066  0  0.000062  
728  phone  12  0.000271  0  0.000066  0  0.000062  
729  photos  8  0.000184  0  0.000066  0  0.000062  
730  php  11  0.000249  2  0.000332  0  0.000062  
731  physics  12  0.000271  0  0.000066  1  0.000186  
732  pi  7  0.000162  1  0.000199  0  0.000062  
733  plan  15  0.000335  1  0.000199  1  0.000186  
734  plans  12  0.000271  0  0.000066  0  0.000062  
735  plastic  9  0.000206  0  0.000066  0  0.000062  
736  platform  21  0.000465  2  0.000332  1  0.000186  
737  point  9  0.000206  0  0.000066  0  0.000062  
738  police  12  0.000271  0  0.000066  0  0.000062  
739  political  8  0.000184  0  0.000066  0  0.000062  
740  poor  6  0.000141  0  0.000066  0  0.000062  
741  possible  8  0.000184  0  0.000066  0  0.000062  
742  post  4  0.000097  2  0.000332  1  0.000186  
743  power  15  0.000335  0  0.000066  0  0.000062  
744  practical  5  0.000119  0  0.000066  1  0.000186  
745  practice  6  0.000141  0  0.000066  0  0.000062  
746  practices  5  0.000119  0  0.000066  3  0.000434  
747  price  13  0.000292  1  0.000199  0  0.000062  
748  principles  7  0.000162  0  0.000066  0  0.000062  
749  privacy  23  0.000509  0  0.000066  0  0.000062  
750  private  17  0.000379  2  0.000332  0  0.000062  
751  pro  7  0.000162  0  0.000066  0  0.000062  
752  problem  14  0.000314  0  0.000066  3  0.000434  
753  problems  12  0.000271  0  0.000066  0  0.000062  
754  process  5  0.000119  0  0.000066  1  0.000186  
755  processing  9  0.000206  0  0.000066  0  0.000062  
756  product  22  0.000487  1  0.000199  2  0.000310  
757  production  11  0.000249  0  0.000066  2  0.000310  
758  productivity  6  0.000141  1  0.000199  0  0.000062  
759  program  10  0.000227  0  0.000066  0  0.000062  
760  programming  39  0.000855  2  0.000332  4  0.000558  
761  project  41  0.000898  4  0.000598  4  0.000558  
762  projects  13  0.000292  0  0.000066  2  0.000310  
763  promises  7  0.000162  0  0.000066  0  0.000062  
764  proposal  7  0.000162  0  0.000066  0  0.000062  
765  protection  7  0.000162  0  0.000066  0  0.000062  
766  protocol  10  0.000227  0  0.000066  0  0.000062  
767  proxy  2  0.000054  4  0.000598  0  0.000062  
768  public  13  0.000292  0  0.000066  0  0.000062  
769  pull  5  0.000119  1  0.000199  0  0.000062  
770  put  9  0.000206  0  0.000066  0  0.000062  
771  python  32  0.000703  6  0.000864  3  0.000434  
772  quality  6  0.000141  1  0.000199  1  0.000186  
773  quantum  27  0.000595  0  0.000066  0  0.000062  
774  questions  11  0.000249  0  0.000066  2  0.000310  
775  r  7  0.000162  0  0.000066  0  0.000062  
776  rails  8  0.000184  1  0.000199  0  0.000062  
777  raises  9  0.000206  0  0.000066  0  0.000062  
778  raspberry  7  0.000162  1  0.000199  0  0.000062  
779  rate  8  0.000184  0  0.000066  1  0.000186  
780  re  15  0.000335  0  0.000066  0  0.000062  
781  react  20  0.000444  3  0.000465  0  0.000062  
782  read  12  0.000271  0  0.000066  1  0.000186  
783  reading  7  0.000162  0  0.000066  0  0.000062  
784  ready  8  0.000184  0  0.000066  0  0.000062  
785  real  27  0.000595  3  0.000465  0  0.000062  
786  real-time  7  0.000162  1  0.000199  0  0.000062  
787  reality  11  0.000249  0  0.000066  0  0.000062  
788  really  24  0.000530  0  0.000066  2  0.000310  
789  reasons  5  0.000119  0  0.000066  3  0.000434  
790  recognition  9  0.000206  0  0.000066  0  0.000062  
791  red  10  0.000227  0  0.000066  0  0.000062  
792  reddit  8  0.000184  0  0.000066  0  0.000062  
793  regulation  6  0.000141  0  0.000066  0  0.000062  
794  release  16  0.000357  0  0.000066  0  0.000062  
795  released  23  0.000509  1  0.000199  0  0.000062  
796  remote  7  0.000162  3  0.000465  3  0.000434  
797  report  25  0.000552  0  0.000066  0  0.000062  
798  reportedly  7  0.000162  0  0.000066  0  0.000062  
799  reporting  7  0.000162  1  0.000199  0  0.000062  
800  request  6  0.000141  1  0.000199  1  0.000186  
801  research  17  0.000379  0  0.000066  1  0.000186  
802  researchers  8  0.000184  0  0.000066  0  0.000062  
803  resources  2  0.000054  3  0.000465  4  0.000558  
804  response  5  0.000119  1  0.000199  0  0.000062  
805  return  8  0.000184  0  0.000066  0  0.000062  
806  reveal  7  0.000162  0  0.000066  0  0.000062  
807  review  25  0.000552  0  0.000066  0  0.000062  
808  revolution  7  0.000162  0  0.000066  0  0.000062  
809  rich  7  0.000162  0  0.000066  0  0.000062  
810  right  16  0.000357  0  0.000066  0  0.000062  
811  rise  8  0.000184  0  0.000066  0  0.000062  
812  risk  8  0.000184  0  0.000066  0  0.000062  
813  road  7  0.000162  0  0.000066  0  0.000062  
814  robot  16  0.000357  0  0.000066  0  0.000062  
815  robots  9  0.000206  1  0.000199  0  0.000062  
816  rocket  12  0.000271  1  0.000199  0  0.000062  
817  ruby  13  0.000292  1  0.000199  0  0.000062  
818  rules  15  0.000335  0  0.000066  0  0.000062  
819  run  15  0.000335  1  0.000199  3  0.000434  
820  running  12  0.000271  0  0.000066  0  0.000062  
821  russia  18  0.000400  0  0.000066  0  0.000062  
822  russian  9  0.000206  0  0.000066  0  0.000062  
823  rust  18  0.000400  0  0.000066  0  0.000062  
824  s  249  0.005400  0  0.000066  3  0.000434  
825  saas  9  0.000206  1  0.000199  2  0.000310  
826  safe  6  0.000141  0  0.000066  0  0.000062  
827  sales  6  0.000141  0  0.000066  0  0.000062  
828  san  8  0.000184  0  0.000066  0  0.000062  
829  satellite  8  0.000184  0  0.000066  0  0.000062  
830  save  11  0.000249  0  0.000066  0  0.000062  
831  saving  6  0.000141  0  0.000066  0  0.000062  
832  say  12  0.000271  0  0.000066  0  0.000062  
833  says  41  0.000898  0  0.000066  0  0.000062  
834  scalable  5  0.000119  1  0.000199  0  0.000062  
835  scale  7  0.000162  0  0.000066  0  0.000062  
836  scaling  6  0.000141  0  0.000066  1  0.000186  
837  schools  8  0.000184  0  0.000066  2  0.000310  
838  science  32  0.000703  0  0.000066  4  0.000558  
839  scientists  17  0.000379  0  0.000066  0  0.000062  
840  search  18  0.000400  2  0.000332  3  0.000434  
841  seattle  8  0.000184  0  0.000066  1  0.000186  
842  secret  8  0.000184  0  0.000066  0  0.000062  
843  secrets  9  0.000206  0  0.000066  1  0.000186  
844  secure  10  0.000227  0  0.000066  0  0.000062  
845  security  42  0.000920  1  0.000199  0  0.000062  
846  see  11  0.000249  1  0.000199  0  0.000062  
847  self-driving  16  0.000357  0  0.000066  0  0.000062  
848  sell  8  0.000184  0  0.000066  0  0.000062  
849  selling  6  0.000141  0  0.000066  0  0.000062  
850  series  7  0.000162  0  0.000066  0  0.000062  
851  server  12  0.000271  2  0.000332  0  0.000062  
852  serverless  14  0.000314  0  0.000066  0  0.000062  
853  servers  7  0.000162  0  0.000066  0  0.000062  
854  service  24  0.000530  2  0.000332  0  0.000062  
855  services  14  0.000314  0  0.000066  0  0.000062  
856  set  13  0.000292  0  0.000066  0  0.000062  
857  sets  6  0.000141  0  0.000066  0  0.000062  
858  share  10  0.000227  1  0.000199  1  0.000186  
859  sharing  6  0.000141  0  0.000066  0  0.000062  
860  shopping  7  0.000162  0  0.000066  0  0.000062  
861  short  8  0.000184  0  0.000066  0  0.000062  
862  should  33  0.000725  0  0.000066  7  0.000930  
863  show  4  0.000097  206  0.027460  0  0.000062  
864  shows  6  0.000141  0  0.000066  0  0.000062  
865  side  13  0.000292  2  0.000332  0  0.000062  
866  silicon  19  0.000422  0  0.000066  0  0.000062  
867  simple  17  0.000379  8  0.001130  2  0.000310  
868  since  7  0.000162  0  0.000066  0  0.000062  
869  single  7  0.000162  3  0.000465  0  0.000062  
870  site  8  0.000184  2  0.000332  1  0.000186  
871  sites  8  0.000184  0  0.000066  0  0.000062  
872  skills  5  0.000119  1  0.000199  4  0.000558  
873  slack  8  0.000184  2  0.000332  0  0.000062  
874  small  9  0.000206  1  0.000199  2  0.000310  
875  smart  21  0.000465  1  0.000199  0  0.000062  
876  snapchat  6  0.000141  0  0.000066  0  0.000062  
877  so  29  0.000638  0  0.000066  2  0.000310  
878  social  24  0.000530  3  0.000465  0  0.000062  
879  software  41  0.000898  2  0.000332  13  0.001673  
880  solar  8  0.000184  0  0.000066  0  0.000062  
881  solution  11  0.000249  0  0.000066  0  0.000062  
882  solutions  5  0.000119  0  0.000066  2  0.000310  
883  solve  9  0.000206  0  0.000066  0  0.000062  
884  some  14  0.000314  0  0.000066  1  0.000186  
885  someone  7  0.000162  0  0.000066  1  0.000186  
886  soon  6  0.000141  0  0.000066  0  0.000062  
887  source  37  0.000812  4  0.000598  2  0.000310  
888  sources  5  0.000119  0  0.000066  1  0.000186  
889  south  7  0.000162  0  0.000066  0  0.000062  
890  space  29  0.000638  0  0.000066  0  0.000062  
891  spacex  8  0.000184  0  0.000066  0  0.000062  
892  spark  5  0.000119  1  0.000199  0  0.000062  
893  spectre  6  0.000141  0  0.000066  0  0.000062  
894  speech  5  0.000119  1  0.000199  0  0.000062  
895  speed  9  0.000206  1  0.000199  0  0.000062  
896  stack  14  0.000314  0  0.000066  0  0.000062  
897  standard  7  0.000162  1  0.000199  0  0.000062  
898  start  11  0.000249  1  0.000199  0  0.000062  
899  started  7  0.000162  1  0.000199  0  0.000062  
900  startup  52  0.001136  0  0.000066  4  0.000558  
901  startups  17  0.000379  1  0.000199  4  0.000558  
902  state  18  0.000400  0  0.000066  1  0.000186  
903  states  8  0.000184  0  0.000066  0  0.000062  
904  step  7  0.000162  0  0.000066  0  0.000062  
905  steps  6  0.000141  0  0.000066  0  0.000062  
906  steve  9  0.000206  0  0.000066  0  0.000062  
907  still  24  0.000530  0  0.000066  3  0.000434  
908  stop  11  0.000249  1  0.000199  0  0.000062  
909  storage  6  0.000141  0  0.000066  0  0.000062  
910  store  14  0.000314  0  0.000066  1  0.000186  
911  stories  9  0.000206  0  0.000066  0  0.000062  
912  story  17  0.000379  0  0.000066  0  0.000062  
913  strategy  9  0.000206  0  0.000066  0  0.000062  
914  student  6  0.000141  1  0.000199  0  0.000062  
915  students  10  0.000227  0  0.000066  0  0.000062  
916  study  17  0.000379  0  0.000066  1  0.000186  
917  success  8  0.000184  0  0.000066  2  0.000310  
918  support  16  0.000357  1  0.000199  0  0.000062  
919  supports  8  0.000184  0  0.000066  0  0.000062  
920  switch  4  0.000097  1  0.000199  1  0.000186  
921  system  44  0.000963  1  0.000199  2  0.000310  
922  systems  14  0.000314  0  0.000066  1  0.000186  
923  t  51  0.001115  0  0.000066  0  0.000062  
924  take  16  0.000357  0  0.000066  1  0.000186  
925  takes  13  0.000292  0  0.000066  0  0.000062  
926  taking  11  0.000249  2  0.000332  0  0.000062  
927  talk  12  0.000271  0  0.000066  1  0.000186  
928  talks  10  0.000227  0  0.000066  0  0.000062  
929  tax  6  0.000141  0  0.000066  1  0.000186  
930  taxes  8  0.000184  0  0.000066  0  0.000062  
931  team  17  0.000379  1  0.000199  2  0.000310  
932  teams  6  0.000141  0  0.000066  3  0.000434  
933  tech  66  0.001439  1  0.000199  6  0.000806  
934  technical  9  0.000206  0  0.000066  2  0.000310  
935  technologies  5  0.000119  0  0.000066  1  0.000186  
936  technology  24  0.000530  0  0.000066  1  0.000186  
937  telegram  10  0.000227  0  0.000066  0  0.000062  
938  tell  7  0.000162  0  0.000066  0  0.000062  
939  template  4  0.000097  3  0.000465  0  0.000062  
940  ten  7  0.000162  0  0.000066  0  0.000062  
941  tensorflow  11  0.000249  0  0.000066  0  0.000062  
942  terminal  9  0.000206  2  0.000332  0  0.000062  
943  tesla  32  0.000703  0  0.000066  0  0.000062  
944  test  25  0.000552  1  0.000199  2  0.000310  
945  testing  15  0.000335  2  0.000332  0  0.000062  
946  tests  13  0.000292  0  0.000066  0  0.000062  
947  text  9  0.000206  3  0.000465  1  0.000186  
948  than  40  0.000877  1  0.000199  1  0.000186  
949  that  92  0.002002  6  0.000864  9  0.001177  
950  the  1166  0.025246  26  0.003524  26  0.003285  
951  their  27  0.000595  0  0.000066  2  0.000310  
952  them  15  0.000335  0  0.000066  1  0.000186  
953  theory  6  0.000141  0  0.000066  1  0.000186  
954  there  15  0.000335  0  0.000066  9  0.001177  
955  these  7  0.000162  0  0.000066  0  0.000062  
956  they  28  0.000617  0  0.000066  1  0.000186  
957  thing  8  0.000184  0  0.000066  0  0.000062  
958  things  20  0.000444  0  0.000066  1  0.000186  
959  think  14  0.000314  0  0.000066  1  0.000186  
960  third  5  0.000119  0  0.000066  2  0.000310  
961  this  41  0.000898  1  0.000199  3  0.000434  
962  thought  6  0.000141  0  0.000066  0  0.000062  
963  thousands  7  0.000162  1  0.000199  0  0.000062  
964  three  8  0.000184  0  0.000066  0  0.000062  
965  through  17  0.000379  0  0.000066  0  0.000062  
966  tim  7  0.000162  0  0.000066  0  0.000062  
967  time  52  0.001136  2  0.000332  5  0.000682  
968  times  14  0.000314  0  0.000066  0  0.000062  
969  tiny  9  0.000206  1  0.000199  1  0.000186  
970  tips  9  0.000206  0  0.000066  1  0.000186  
971  to  883  0.019121  34  0.004588  65  0.008118  
972  today  12  0.000271  0  0.000066  2  0.000310  
973  too  14  0.000314  0  0.000066  1  0.000186  
974  tool  18  0.000400  6  0.000864  1  0.000186  
975  tools  12  0.000271  1  0.000199  1  0.000186  
976  top  23  0.000509  1  0.000199  1  0.000186  
977  toward  7  0.000162  0  0.000066  0  0.000062  
978  track  7  0.000162  0  0.000066  2  0.000310  
979  tracking  12  0.000271  0  0.000066  1  0.000186  
980  trade  11  0.000249  1  0.000199  1  0.000186  
981  trading  11  0.000249  0  0.000066  0  0.000062  
982  traffic  9  0.000206  1  0.000199  0  0.000062  
983  travel  8  0.000184  3  0.000465  0  0.000062  
984  tree  7  0.000162  0  0.000066  0  0.000062  
985  trends  7  0.000162  0  0.000066  0  0.000062  
986  tricks  8  0.000184  0  0.000066  0  0.000062  
987  trouble  6  0.000141  1  0.000199  0  0.000062  
988  trump  15  0.000335  0  0.000066  0  0.000062  
989  truth  6  0.000141  0  0.000066  0  0.000062  
990  try  8  0.000184  0  0.000066  0  0.000062  
991  turned  5  0.000119  0  0.000066  1  0.000186  
992  tutorial  6  0.000141  1  0.000199  0  0.000062  
993  twitter  21  0.000465  2  0.000332  0  0.000062  
994  two  12  0.000271  1  0.000199  0  0.000062  
995  typescript  9  0.000206  0  0.000066  0  0.000062  
996  u.s.  26  0.000574  0  0.000066  0  0.000062  
997  uber  16  0.000357  0  0.000066  0  0.000062  
998  ui  9  0.000206  2  0.000332  0  0.000062  
999  uk  10  0.000227  0  0.000066  1  0.000186  
1000  under  13  0.000292  0  0.000066  0  0.000062  
1001  understand  7  0.000162  0  0.000066  1  0.000186  
1002  understanding  14  0.000314  0  0.000066  0  0.000062  
1003  union  7  0.000162  0  0.000066  0  0.000062  
1004  united  9  0.000206  0  0.000066  0  0.000062  
1005  unix  7  0.000162  0  0.000066  0  0.000062  
1006  up  55  0.001201  1  0.000199  0  0.000062  
1007  update  13  0.000292  0  0.000066  0  0.000062  
1008  url  5  0.000119  1  0.000199  0  0.000062  
1009  us  46  0.001006  0  0.000066  2  0.000310  
1010  use  58  0.001266  4  0.000598  11  0.001425  
1011  used  17  0.000379  0  0.000066  3  0.000434  
1012  user  15  0.000335  0  0.000066  2  0.000310  
1013  users  28  0.000617  0  0.000066  1  0.000186  
1014  uses  10  0.000227  0  0.000066  1  0.000186  
1015  using  80  0.001742  7  0.000997  3  0.000434  
1016  ux  5  0.000119  0  0.000066  2  0.000310  
1017  valley  18  0.000400  0  0.000066  0  0.000062  
1018  value  7  0.000162  0  0.000066  0  0.000062  
1019  version  6  0.000141  1  0.000199  0  0.000062  
1020  video  58  0.001266  0  0.000066  1  0.000186  
1021  view  9  0.000206  1  0.000199  0  0.000062  
1022  virtual  9  0.000206  0  0.000066  1  0.000186  
1023  visa  5  0.000119  1  0.000199  0  0.000062  
1024  visual  13  0.000292  2  0.000332  1  0.000186  
1025  visualizing  4  0.000097  2  0.000332  0  0.000062  
1026  voice  7  0.000162  0  0.000066  0  0.000062  
1027  vr  7  0.000162  0  0.000066  0  0.000062  
1028  vs  6  0.000141  0  0.000066  0  0.000062  
1029  vs.  23  0.000509  1  0.000199  5  0.000682  
1030  vue.js  4  0.000097  2  0.000332  0  0.000062  
1031  vulnerability  7  0.000162  0  0.000066  0  0.000062  
1032  wall  9  0.000206  0  0.000066  0  0.000062  
1033  walmart  7  0.000162  0  0.000066  0  0.000062  
1034  want  10  0.000227  0  0.000066  1  0.000186  
1035  wants  12  0.000271  0  0.000066  1  0.000186  
1036  war  17  0.000379  0  0.000066  0  0.000062  
1037  was  30  0.000660  0  0.000066  2  0.000310  
1038  washington  5  0.000119  1  0.000199  0  0.000062  
1039  watch  10  0.000227  1  0.000199  1  0.000186  
1040  water  12  0.000271  0  0.000066  0  0.000062  
1041  way  38  0.000833  3  0.000465  4  0.000558  
1042  ways  7  0.000162  1  0.000199  1  0.000186  
1043  we  76  0.001656  0  0.000066  2  0.000310  
1044  web  48  0.001050  5  0.000731  4  0.000558  
1045  webassembly  5  0.000119  1  0.000199  0  0.000062  
1046  webgl  4  0.000097  2  0.000332  0  0.000062  
1047  website  12  0.000271  3  0.000465  4  0.000558  
1048  websites  5  0.000119  1  0.000199  2  0.000310  
1049  week  9  0.000206  0  0.000066  1  0.000186  
1050  weekly  8  0.000184  2  0.000332  0  0.000062  
1051  went  7  0.000162  0  0.000066  1  0.000186  
1052  were  8  0.000184  0  0.000066  0  0.000062  
1053  what  117  0.002543  0  0.000066  51  0.006383  
1054  whatsapp  8  0.000184  0  0.000066  0  0.000062  
1055  when  49  0.001071  0  0.000066  10  0.001301  
1056  where  16  0.000357  1  0.000199  1  0.000186  
1057  which  12  0.000271  1  0.000199  8  0.001054  
1058  while  4  0.000097  1  0.000199  1  0.000186  
1059  who  46  0.001006  1  0.000199  4  0.000558  
1060  why  144  0.003127  0  0.000066  15  0.001921  
1061  will  68  0.001482  1  0.000199  2  0.000310  
1062  win  7  0.000162  0  0.000066  0  0.000062  
1063  windows  28  0.000617  1  0.000199  0  0.000062  
1064  wireless  6  0.000141  0  0.000066  0  0.000062  
1065  with  309  0.006698  23  0.003125  13  0.001673  
1066  within  6  0.000141  1  0.000199  1  0.000186  
1067  without  39  0.000855  3  0.000465  2  0.000310  
1068  wo  8  0.000184  0  0.000066  0  0.000062  
1069  women  12  0.000271  0  0.000066  0  0.000062  
1070  won  6  0.000141  0  0.000066  0  0.000062  
1071  work  39  0.000855  3  0.000465  7  0.000930  
1072  workers  13  0.000292  0  0.000066  1  0.000186  
1073  working  15  0.000335  0  0.000066  1  0.000186  
1074  works  11  0.000249  0  0.000066  0  0.000062  
1075  world  58  0.001266  1  0.000199  0  0.000062  
1076  worst  6  0.000141  0  0.000066  1  0.000186  
1077  worth  6  0.000141  0  0.000066  1  0.000186  
1078  would  8  0.000184  0  0.000066  9  0.001177  
1079  write  12  0.000271  1  0.000199  1  0.000186  
1080  writing  10  0.000227  0  0.000066  2  0.000310  
1081  written  8  0.000184  3  0.000465  0  0.000062  
1082  wrong  15  0.000335  0  0.000066  0  0.000062  
1083  x  11  0.000249  0  0.000066  1  0.000186  
1084  yc  15  0.000335  0  0.000066  0  0.000062  
1085  year  29  0.000638  1  0.000199  1  0.000186  
1086  years  32  0.000703  0  0.000066  0  0.000062  
1087  yet  7  0.000162  0  0.000066  0  0.000062  
1088  york  9  0.000206  0  0.000066  0  0.000062  
1089  you  183  0.003971  5  0.000731  53  0.006631  
1090  your  169  0.003668  17  0.002327  26  0.003285  
1091  youtube  17  0.000379  0  0.000066  1  0.000186  
1092  zero  7  0.000162  0  0.000066  0  0.000062  
1093  zuckerberg  9  0.000206  0  0.000066  0  0.000062  
1094    296  0.006417  77  0.010306  5  0.000682  
1095    58  0.001266  0  0.000066  0  0.000062  
1096    380  0.008235  0  0.000066  2  0.000310  
1097    98  0.002132  2  0.000332  6  0.000806  
1098    97  0.002110  2  0.000332  6  0.000806  
